,gen_pi1_from_tau_pt,gen_pi1_from_tau_eta,gen_pi1_from_tau_phi,gen_pi2_from_tau_pt,gen_pi2_from_tau_eta,gen_pi2_from_tau_phi,gen_pi3_from_tau_pt,gen_pi3_from_tau_eta,gen_pi3_from_tau_phi,gen_pi1_from_antitau_pt,gen_pi1_from_antitau_eta,gen_pi1_from_antitau_phi,gen_pi2_from_antitau_pt,gen_pi2_from_antitau_eta,gen_pi2_from_antitau_phi,gen_pi3_from_antitau_pt,gen_pi3_from_antitau_eta,gen_pi3_from_antitau_phi,gen_tau_pt,gen_tau_eta,gen_tau_phi,gen_antitau_pt,gen_antitau_eta,gen_antitau_phi,gen_upsilon_pt,gen_upsilon_eta,gen_upsilon_phi,gen_upsilon_mass
0,1.0535893440246582,-0.7897489666938783,-0.38042351603507996,0.36747303605079656,-0.7790539860725402,-1.047094702720642,3.876549243927002,-0.7441192269325257,-0.716158390045166,3.1883428096771245,0.31695407629013056,-1.3862805366516113,0.97844135761261,0.014054906554520108,-1.471769094467163,1.8937305212020874,0.32044628262519836,-1.1380785703659058,5.469250202178955,-0.802482008934021,-0.7321881055831909,9.541849136352539,0.197030559182167,-1.361588716506958,14.329448699951172,-0.20671278238296503,-1.1349748373031616,9.460238456726074
1,0.43114832043647766,1.026944637298584,2.204162120819092,0.30839812755584717,-0.44513201713562,1.240845799446106,0.40718719363212585,0.37050512433052063,1.766705870628357,1.5245126485824585,0.7879686951637267,-1.943774700164795,0.5714284181594849,0.35402679443359375,-2.3319060802459717,4.581046104431152,0.5296720266342163,-1.9234918355941772,2.2865653038024902,0.5142335891723633,2.3275318145751953,10.49693489074707,0.5351161956787108,-1.929500699043274,9.71096134185791,0.6794272661209106,-2.1425790786743164,9.460327148437498
2,0.7229313254356384,-0.4192834794521333,-0.9891860485076904,0.7071231603622437,-1.695410370826721,-0.9984307289123535,1.1443372964859009,-1.2721965312957761,-0.7353617548942566,0.9978351593017578,-0.8141257166862488,0.2927118241786957,1.9352039098739622,-1.0825937986373901,0.06944117695093155,3.8495583534240723,-1.1589958667755125,0.29741188883781433,3.377794027328491,-1.234594941139221,-0.9904558062553406,15.367326736450194,-1.0877600908279421,0.23591305315494537,13.118940353393553,-1.456764101982117,0.2247033268213272,9.46030044555664
3,1.7849960327148438,0.23797836899757388,-2.2957379817962646,0.4705693125724792,0.05921828374266622,-2.0364365577697754,0.5454987287521362,0.7690964341163635,-2.7228400707244873,5.03123140335083,0.3953584432601929,2.9419491291046143,5.7237253189086905,0.385855734348297,2.7880167961120605,1.0398764610290527,0.5510241389274596,2.9019317626953125,3.623623371124268,0.3733126521110535,-2.1201767921447754,13.739063262939451,0.43499305844306946,2.889233350753784,10.961777687072756,0.7017784118652344,2.6670103073120117,9.460300445556644
4,0.7233928442001343,0.16742843389511108,0.74949711561203,4.653526782989502,-0.06723495572805402,1.0029281377792358,0.8149371147155762,0.006893970537930741,0.848418653011322,0.4103295505046845,-0.05895420536398889,-2.686396837234497,0.6217989325523376,-0.8573057055473327,2.50799560546875,0.7936059236526489,-0.045673757791519096,2.2795660495758057,8.919679641723633,-0.09036036580801005,0.8687134385108948,2.70417857170105,-0.4616459012031555,2.904648542404175,8.076818466186523,-0.25719222426414495,1.1726065874099731,9.460305213928223
5,1.742257475852966,-0.8780346512794498,2.881277322769165,1.6023312807083132,-1.2634384632110598,2.9628608226776123,1.042199969291687,-1.1672170162200928,-2.7276604175567627,0.6289693117141724,0.12615965306758878,-1.9157594442367554,0.5799311995506287,0.03268933296203614,-2.11698317527771,1.3433148860931396,0.00891255307942629,-1.081447958946228,4.2271246910095215,-1.1738300323486333,3.073261022567749,4.394992351531982,0.03287685662508015,-1.4115504026412964,5.366692543029785,-0.9671207666397096,-2.2862486839294434,9.460346221923826
6,0.6264290809631348,2.28667402267456,0.20079764723777768,0.7504926323890686,1.873735189437866,-0.6258065104484557,2.0352468490600586,2.107720136642454,-0.4534462094306946,0.9632283449172975,1.8654253482818595,-3.117182970046997,1.0408121347427368,2.41856288909912,3.0925588607788086,0.9401084780693054,1.8873538970947275,-2.70570969581604,4.190252304077148,2.199226856231688,-0.22683706879615786,4.667194366455078,1.946264863014222,-2.996224880218506,1.7045992612838747,3.7062761783599982,-1.890085220336914,9.46013355255127
7,2.248685836791992,0.026409255340695395,-2.7120232582092285,0.5568581819534302,-0.16028010845184334,-2.742957353591919,0.6171923875808716,0.3203721344470978,-2.1966640949249268,1.0451200008392334,0.7596005797386168,-0.13580808043479917,1.0112494230270386,0.7690041661262512,0.5422849655151367,0.672705888748169,0.9683312773704528,0.599389672279358,4.41560173034668,0.2340601235628129,-2.6350064277648926,3.798927545547486,0.9740570783615116,0.5056328177452087,0.6166864037513733,2.8582222461700404,-2.6291329860687256,9.460299491882322
8,0.7030931711196898,1.6051342487335207,1.0889639854431152,0.6598231792449951,1.2858304977416992,1.2723039388656616,2.017319917678833,1.5863450765609746,1.6916532516479492,3.3596858978271484,0.9568630456924438,0.373871773481369,2.9061231613159184,0.8791141510009766,0.18623578548431396,0.807195782661438,0.7975535392761229,0.5905773639678955,6.100531578063964,1.4565817117691038,1.5954246520996094,7.959941864013672,0.9322535395622253,0.38224709033966064,11.600577354431154,1.352151870727539,0.8973343372344971,9.460298538208008
9,0.891210675239563,-1.914384722709656,2.3896005153656006,0.6662469506263733,-1.6361587047576907,-2.6832175254821777,0.6224209666252136,-1.7993431091308594,-2.985173225402832,0.7302256226539612,-2.3697993755340585,-1.316290259361267,1.6662095785140991,-2.190337896347045,-1.0763587951660156,2.6610608100891118,-2.201702594757082,-0.8613973855972291,4.051301002502441,-1.7899786233901984,3.017052173614502,5.492366790771484,-2.2606940269470197,-1.08610200881958,4.594892978668213,-2.8053104877471924,-1.8943341970443726,9.46058464050293
10,1.4762122631072998,0.2395055592060089,0.03885756805539131,2.2496969699859624,-0.0037903031334281705,0.09114886820316313,1.6267386674880981,-0.03333540633320807,0.4131990671157837,0.6461213231086731,1.3060512542724612,-1.4683729410171509,0.45709705352783203,1.7335765361785886,0.2321939766407013,0.587233304977417,2.1388309001922603,-0.5131928324699403,7.268425941467285,-0.023877672851085708,0.1137724295258522,1.1572664976119995,2.294756174087524,-0.850710391998291,7.984719276428223,0.6444410681724548,-0.005612044129520655,9.460240364074705
11,0.37816309928894043,-0.173024281859398,2.86285138130188,0.9609048366546631,0.39838463068008423,-2.7954108715057373,0.5751122236251831,-0.07619684189558032,2.9209792613983154,0.4829021096229553,1.7186512947082506,1.6644045114517212,0.3896100521087646,1.4698084592819214,-0.17028264701366425,0.627577543258667,1.3171229362487795,0.34510964155197144,5.909894943237305,0.1444439142942429,-2.870198965072632,2.0029032230377197,1.5939006805419922,0.1874295324087143,3.9176504611969,1.1525157690048216,-2.8273096084594727,9.460305213928223
12,1.5841755867004397,-0.6147450804710388,1.5221244096755981,0.6156740188598633,-0.7896534204483032,1.1526381969451904,7.341716289520265,-0.8006148338317872,1.5425927639007568,2.2058489322662354,-0.9925618171691895,2.1058623790740967,3.9475166797637944,-1.125345468521118,2.001727342605591,7.3911261558532715,-1.0082703828811646,2.0614967346191406,13.524199485778809,-0.8053196668624876,1.4890203475952148,17.200963973999023,-1.0530924797058103,2.0109710693359375,29.699928283691406,-0.9748182892799376,1.7819435596466064,9.460290908813489
13,3.2091274261474614,-1.6735718250274656,-0.9134011268615723,1.0832520723342896,-1.4720085859298706,-1.1629610061645508,5.565175533294678,-1.6029394865036017,-1.0614837408065796,0.8730496764183044,-1.8411794900894165,0.499015361070633,1.5687313079833984,-2.048362731933595,0.7152486443519592,0.7270429134368896,-2.3587090969085707,-0.2410515248775482,11.896805763244629,-1.6006113290786739,-1.0690990686416626,3.001568555831909,-2.1815836429595943,0.3726752698421478,8.289467811584473,-2.513510942459106,-0.9087736010551454,9.46030044555664
14,2.108686923980713,-0.7070416808128357,2.712355375289917,2.1561286449432373,-0.8316010236740111,2.3472461700439453,0.8075620532035828,-1.090383529663086,2.4205918312072754,0.366052359342575,-1.749834656715393,1.7334433794021606,0.12522292137145996,-2.2759809494018555,2.7597944736480713,0.6985027194023132,-2.1066770553588854,0.1969478130340576,7.387718677520752,-0.8838093876838683,2.597008228302002,2.1175599098205566,-2.1448113918304452,0.4450647532939911,6.4719343185424805,-1.6559081077575681,2.3200018405914307,9.46036148071289
15,0.324172854423523,1.013552188873291,0.024895528331398964,3.1934356689453125,0.7891696691513062,0.7686337828636169,1.871430039405823,0.577424228191376,0.8450530767440796,0.8858116865158081,0.7041656970977784,-1.4306949377059937,2.066028594970703,0.9091988205909729,-1.5559688806533813,0.43985274434089655,0.5576163530349733,-2.2136099338531494,5.730922222137451,0.8101955056190491,0.7672189474105834,3.683572769165039,0.8504696488380429,-1.7439688444137573,3.5081186294555664,1.6389523744583134,0.09980924427509308,9.460257530212402
16,2.1211445331573486,-1.2301172018051147,-0.08559361100196838,0.7381248474121094,-1.0138261318206785,-0.3440709412097931,0.19665296375751495,-1.7360732555389404,-0.8308454751968385,1.198818325996399,-0.18275682628154755,0.6327095627784729,3.1868791580200195,-0.5564481616020203,0.9093306660652162,1.7103122472763062,-0.2796280980110169,0.7864086627960205,5.278295040130615,-1.1561359167099001,-0.37569177150726313,8.451187133789062,-0.4092239439487457,0.7500052452087402,11.734333038330078,-0.8433372974395752,0.3319436013698578,9.460282325744629
17,1.0396662950515747,-0.1989385485649109,-2.8500068187713623,1.3800153732299805,-0.07112518697977067,2.5369887351989746,0.957431435585022,-0.4537712037563325,2.7356975078582764,3.9696598052978516,0.8095309734344482,1.9741700887680054,1.1336729526519775,1.017127275466919,2.2282662391662598,1.2596579790115356,0.48656499385833735,1.9939953088760376,3.9507791996002197,-0.32242500782012934,2.814768075942993,8.618912696838379,0.854954123497009,2.0204436779022217,11.73109245300293,0.5662784576416016,2.2630715370178223,9.46033000946045
18,3.093026399612427,2.178472280502319,-1.5281907320022583,3.0678601264953613,1.9868620634078968,-1.510088562965393,2.620652437210083,1.9715434312820446,-1.4565401077270508,1.0128850936889648,2.196231365203858,0.42017042636871343,0.2234471291303635,2.1301610469818106,2.2699086666107178,0.5715393424034119,1.8179275989532473,0.2620953023433686,9.863448143005371,2.102120637893678,-1.5364623069763184,2.683952569961548,1.9929082393646247,0.3481021821498871,9.388805389404297,2.362869977951049,-1.2610845565795898,9.460318565368627
19,4.897106647491455,1.880862116813661,-0.7691091299057006,1.9390342235565186,1.9098485708236697,-0.513334333896637,2.684986114501953,1.9602261781692503,-0.6010942459106445,4.163669109344482,1.3977005481719966,-1.2676405906677246,2.6538126468658447,1.5916925668716433,-1.2643256187438965,0.5431684255599976,1.1407388448715206,-1.2288907766342163,11.919004440307617,1.8779054880142214,-0.7017182111740111,15.009365081787108,1.4722950458526614,-1.2198619842529297,26.04175758361816,1.7021539211273191,-0.9911959767341614,9.460348129272461
20,0.8485337495803833,0.7319990396499634,3.0483531951904297,1.0831811428070068,0.8454858660697937,-2.7802772521972656,1.0177137851715088,0.5612766742706299,2.916598081588745,2.2758259773254395,1.0123988389968872,0.36778455972671503,1.564327597618103,1.0022236108779907,0.09354709833860397,1.0641052722930908,0.6381791234016418,0.15019914507865906,3.7421226501464844,0.7991029024124144,-2.8972561359405518,5.052905082702637,0.9974247217178346,0.17569983005523684,1.344319224357605,2.625733852386473,-0.01639055274426937,9.460318565368652
21,0.8332840800285338,1.295172691345215,-1.3355942964553833,0.39096230268478394,0.5671311616897582,-1.2972928285598755,0.2886194586753845,1.226407170295715,-0.9819149374961853,1.9759846925735476,2.2478661537170406,-0.45599451661109924,1.4272860288619995,2.2629880905151385,-0.5737776160240173,0.47917759418487554,1.839120388031007,0.030635781586170193,5.067084312438965,0.8236324191093444,-1.4828959703445435,3.834563016891479,2.3478105068206787,-0.46775552630424505,8.803696632385254,1.6483023166656492,-1.2386207580566406,9.460300445556635
22,1.8871943950653074,1.4466484785079952,0.21990439295768738,0.7352119088172911,1.8211277723312378,0.31462550163269043,3.7949132919311523,1.6690059900283813,0.2870858311653137,7.9988956451416025,1.724208950996399,0.7912983298301697,0.925700306892395,1.8302320241928105,0.5817215442657471,7.534226417541505,1.7085530757904053,0.7605527043342589,20.373563766479492,1.6561112403869633,0.2827575206756592,17.368345260620117,1.7180891036987311,0.7488069534301758,36.728389739990234,1.7105338573455806,0.49688649177551264,9.460319519042969
23,2.1811270713806152,-0.1567589640617371,1.1800793409347534,1.1876788139343262,-0.2475237995386123,0.7441030144691466,0.9545098543167114,-0.39058119058609025,0.7529080510139465,1.8568882942199707,0.5967647433280945,2.596360445022583,1.1605294942855835,0.5007615685462952,2.7463250160217285,2.347276210784912,0.6669557094573973,2.229034900665283,4.2720794677734375,-0.2256290316581726,1.0214276313781738,6.715340137481689,0.60616272687912,2.546952962875366,9.862320899963379,0.06847460567951208,1.8453261852264404,9.46030044555664
24,0.46393021941185003,-0.10709118843078617,-0.3398455083370209,0.7297316789627075,0.08928599208593362,-0.6720209121704102,0.29841506481170654,-0.05307944118976595,1.0890564918518066,1.805051922798157,-0.9054890871047975,-1.1607580184936523,7.630585193634034,-1.0733412504196165,-1.2224963903427124,0.7908490300178528,-1.0405600070953367,-1.014488935470581,1.185102105140686,0.49407345056533813,-0.0837228074669838,11.361660957336426,-1.0089348554611208,-1.188651442527771,11.941041946411133,-0.9370226263999938,-1.099865198135376,9.460370063781735
25,0.8283960819244386,0.383302927017212,2.0536227226257324,1.3210357427597046,0.6486418843269347,1.6697677373886108,0.7443345785140991,0.4264174103736878,1.7063549757003784,3.141964673995972,0.7273100018501281,0.026755835860967633,1.2049282789230347,0.6902962923049927,-0.07285104691982268,0.5596836805343628,0.6952535510063171,0.44531160593032837,7.145459175109863,0.7348438501358031,1.7053375244140625,5.276020526885986,0.8035551905632017,0.12009397894144057,8.820697784423828,1.005935788154602,1.0642361640930176,9.460318565368652
26,0.7371434569358826,-2.3130862712860107,1.4981334209442139,0.27010154724121094,-1.4680899381637578,-0.03215405344963073,0.3401085138320923,-1.2195686101913454,2.8414676189422607,4.958752632141113,-0.04391189664602277,-0.5161226987838745,0.3993599414825439,-0.23438918590545652,-0.4913348853588105,1.286361813545227,0.1728041470050812,-0.5539121627807618,1.149177074432373,-2.183609962463376,1.646828532218933,6.630157947540284,-0.010202841833233823,-0.5446026325225829,6.0347042083740225,-0.768052399158478,-0.3890611529350281,9.46029281616211
27,3.2960605621337886,-2.4164879322051958,-0.8844094276428223,0.3451557159423828,-1.9772224426269538,-0.6386145949363708,1.8934175968170168,-2.320109605789186,-1.2438013553619385,1.9554156064987183,-2.6308596134185778,1.1513828039169312,0.3269217014312744,-1.6720750331878664,1.589890480041504,1.8641735315322874,-2.4387180805206294,1.3124691247940063,5.703941345214844,-2.372021675109863,-0.9548642635345458,4.177339553833008,-2.5666089057922385,1.2508145570755005,4.660685062408447,-3.204660892486571,-0.14869201183319092,9.460245132446289
28,4.104119300842285,0.7452539205551146,0.2675743103027344,0.8300088047981262,0.4157946407794953,0.3406533896923065,0.4642106592655182,1.220482468605042,0.10477173328399658,0.5650309920310974,-0.6915984749794007,-0.5929011702537537,0.5829715132713318,-0.7833970189094542,-1.42841374874115,0.7658305168151855,-0.9555293917655947,-1.629343032836914,6.183713436126708,0.8002662658691407,0.327419638633728,2.107419729232788,-1.0234963893890379,-0.9127709865570068,7.151231765747069,0.40037107467651367,0.04494360089302063,9.460280418395996
29,0.4213378429412842,-1.9259953498840328,2.3890533447265625,4.169744491577148,-2.23316192626953,2.725893259048462,1.4097139835357668,-2.1588029861450204,2.6947484016418457,0.5075280070304871,-2.403674364089962,1.201768159866333,0.8698427677154541,-2.3099398612976065,1.1207727193832397,5.3505072593688965,-2.1041173934936515,1.436128854751587,6.134976863861084,-2.204927444458007,2.655245780944824,8.620800971984863,-2.2440152168273912,1.3665305376052856,11.891159057617188,-2.4397363662719718,1.884983777999878,9.460367202758789
30,0.5064480304718018,-1.331748366355896,-0.15395137667655942,0.6434441208839417,-0.7344481945037842,0.9415588378906249,1.4484955072402954,-0.7924056649208068,0.5208325982093811,0.3239402174949646,-1.8350223302841173,-2.9501779079437256,0.8708423376083373,-2.086933135986328,-2.6824488639831543,2.4668171405792236,-2.1571071147918697,-2.2029829025268555,3.2031524181365962,-0.9974669814109804,0.2936114966869354,4.130047798156738,-2.1534383296966553,-2.50184965133667,1.558307409286499,-3.309642076492313,-1.7301384210586548,9.460433959960938
31,0.6026387810707092,0.6902664899826051,1.8987623453140259,2.3125312328338623,0.5500522255897522,2.4140689373016357,1.146630883216858,0.7209495306015015,2.7767090797424316,0.2615680396556854,-0.8836953043937682,1.3221455812454224,1.1973795890808105,-1.2751836776733396,1.5168958902359009,3.2363927364349365,-0.8764898777008057,1.983667016029358,4.290919303894043,0.5716177821159363,2.4113399982452393,5.439456939697265,-0.9906989932060242,1.8750778436660767,9.387619972229004,-0.38717332482337935,2.1107900142669678,9.460259437561035
32,0.49985396862030024,-1.8877437114715583,-1.687564730644226,1.0041991472244263,-1.4212145805358882,-0.8974083065986633,1.5657559633255005,-1.2229918241500857,-0.8404511809349059,1.2579851150512695,-1.764799952507019,2.528317928314209,0.49145931005477905,-1.505650162696839,3.060641288757324,3.975608110427856,-1.698042511940003,2.826648473739624,2.9151644706726074,-1.6022851467132566,-1.005486011505127,6.820670127868653,-1.7243225574493413,2.6946771144866943,4.614864826202393,-2.4091622829437274,3.036048412322998,9.460346221923828
33,2.6230885982513428,-0.24512317776679995,2.627047061920166,0.658692479133606,0.30865675210952764,2.8438215255737305,0.348588764667511,-0.2897155582904816,3.0040369033813477,1.0144532918930054,-0.9892001748085018,1.0918885469436646,5.122146129608155,-0.7638648152351378,1.3326228857040405,0.50600266456604,-0.6398625373840333,1.6781102418899536,4.694038391113281,-0.15092121064662933,2.85402774810791,7.034249305725098,-0.7601225376129152,1.3304736614227295,8.639056205749512,-0.7031823992729189,1.9041751623153687,9.460291862487793
34,2.395368814468384,0.7673742175102236,0.36976236104965204,0.7130073308944703,0.45724132657051086,1.0376684665679932,0.8363350033760071,0.46242499351501465,0.7563758492469789,2.998736619949341,0.1277650743722916,-1.229761004447937,1.3532713651657104,0.06894901394844055,-1.1576071977615356,2.1607208251953125,0.362392544746399,-1.058112621307373,4.049540042877197,0.6489975452423095,0.6378182768821717,6.856916427612305,0.1567151248455048,-1.1902096271514893,7.0205278396606445,0.5297515392303467,-0.5984337329864503,9.46030330657959
35,0.5728153586387634,-1.5288907289505005,1.1918410062789917,0.5900892019271851,-0.7184555530548096,0.8584839701652527,2.0067689418792725,-1.5521818399429317,0.5847962498664857,2.661381244659424,-1.851062417030334,-1.2849434614181519,1.4892054796218872,-1.8896923065185536,-0.9788138866424559,0.5727605819702148,-2.3667213916778578,-1.4276608228683472,4.944433212280273,-1.4531967639923096,0.7114797234535217,4.944671154022217,-2.039359331130982,-1.244322419166565,5.525680065155029,-2.3489210605621333,-0.26645705103874207,9.460253715515137
36,1.1275099515914917,-0.3720806539058684,-2.996213674545288,1.671972393989563,-0.8596733212471008,-2.831033945083618,1.1912031173706055,-0.6992688179016111,-2.3743069171905518,0.34859076142311096,-0.2802028954029084,-0.9958537817001343,1.296556830406189,-0.48027458786964417,-0.8666346669197083,3.4100878238677974,-0.6290089488029481,-0.4003707766532898,5.140090465545654,-0.7311330437660217,-2.650015354156494,5.084292411804199,-0.603701889514923,-0.5988220572471618,5.302464962005614,-1.1311435699462888,-1.6334162950515747,9.460253715515138
37,1.798604607582092,0.8977352976799011,2.5556399822235107,0.3110628128051758,0.9080983996391297,3.1158535480499268,0.23811663687229156,0.3241377770900725,1.5845848321914673,0.20194807648658752,0.5140907764434816,-1.1654757261276245,2.3492908477783203,0.5449518561363221,-1.6685566902160645,2.6953487396240234,0.7700409293174743,-1.8922016620635986,3.424600601196289,0.6714067459106444,2.5551745891571045,7.710419178009034,0.6052748560905457,-1.7249623537063599,7.003953933715821,0.9240459799766537,-2.1849989891052246,9.460277557373047
38,2.6773240566253667,2.2719366550445557,-1.6093909740447998,1.747547626495361,2.252721786499022,-2.0682284832000732,0.2142980843782425,1.9090590476989746,-1.9745211601257324,0.23738722503185272,1.7992551326751713,2.488274335861206,1.2333309650421143,2.0097684860229488,2.64951753616333,2.1989800930023193,2.1728575229644767,-3.1258604526519775,6.255127429962159,2.340263843536373,-1.769574761390686,5.356870174407959,2.1196374893188468,2.826427698135376,7.748582839965821,2.6426594257354705,-2.5264573097229004,9.460474014282227
39,0.775366187095642,2.357194423675537,-0.4652932584285737,1.808127284049988,2.481254816055294,0.15446479618549344,1.10100519657135,2.186899423599244,0.29685041308403015,2.1516056060791016,1.908602237701417,0.7835590839385986,9.503774642944336,1.9831777811050415,0.6041643023490906,4.90845775604248,1.936049938201905,0.5519038438796997,7.016419887542724,2.400145530700682,0.146818608045578,26.8558349609375,1.9717592000961304,0.6049508452415466,33.29365539550781,2.0930492877960187,0.5116090774536133,9.460344314575195
40,0.38697284460067743,0.7430879473686218,-1.0227487087249756,3.000365734100342,0.4477061629295348,-0.4143250584602356,1.896969199180603,0.365628957748413,-0.631467878818512,0.688327133655548,0.09205475449562078,0.17588378489017487,1.4250319004058838,0.5254656076431274,0.507632851600647,5.41114616394043,0.382193922996521,0.2518242597579956,11.376877784729004,0.41972592473030096,-0.4980638921260833,11.43871784210205,0.43663489818572987,0.29058107733726507,21.064672470092773,0.46155411005020136,-0.10261353850364685,9.460284233093262
41,1.6003365516662598,-1.5153187513351443,1.0978410243988037,0.2253120839595795,-0.6536675691604615,1.2695271968841553,0.7625873684883118,-1.4050443172454834,0.8006235957145691,0.7469115257263185,-0.6876244544982909,-2.480616331100464,0.3420115113258362,-1.3208228349685662,-2.179809331893921,3.002868175506592,-1.0348780155181883,-2.314445734024048,4.2658185958862305,-1.298288941383362,1.194901943206787,4.684000015258789,-1.1595542430877688,-2.364792823791504,2.3812499046325684,-2.4038202762603764,-2.617203950881958,9.460300445556639
42,2.2110843658447266,-1.6488479375839233,-0.9289500117301941,0.686486542224884,-1.2227985858917236,-0.787564516067505,2.2039618492126465,-1.6241914033889766,-1.1023856401443481,0.4087056815624237,-1.2204314470291138,1.2127395868301392,1.6938276290893552,-1.6397072076797488,1.5559738874435425,0.5237334966659546,-1.025453329086304,1.592002511024475,6.358179092407227,-1.5355857610702512,-1.0582937002182007,3.055555582046509,-1.4206559658050542,1.6644632816314697,3.7770192623138423,-2.370461225509643,-0.7230362892150879,9.46025466918945
43,3.2527472972869873,0.14376570284366602,-2.9278953075408936,0.7529109716415405,0.12838059663772589,-2.5498735904693604,0.7905597090721129,0.5483580231666566,-2.9404048919677734,0.5748918056488037,1.7109885215759282,-0.3597876727581024,0.31828671693801885,2.2654790878295934,-0.4658830165863037,0.35666048526763916,0.8304417729377745,0.685517430305481,6.781065464019775,0.2928940355777741,-2.78787899017334,2.150157928466797,1.4185231924057002,-0.05893758311867713,6.785749912261964,0.90115487575531,-2.8191850185394287,9.46030044555664
44,0.9928713440895082,-1.6457715034484872,-2.435516119003296,1.950940489768982,-1.1303516626358032,-2.4320030212402344,0.4844997823238372,-1.487747788429261,-2.574676275253296,0.7130293250083924,-0.8187006711959837,-0.13496755063533783,1.9272052049636839,-1.2860461473464966,0.08899910002946854,0.6563980579376221,-0.8780233263969422,-0.5874121189117432,4.168739318847656,-1.5567891597747798,-2.4619202613830566,4.879796981811523,-1.1590275764465334,0.047076433897018426,3.424668788909912,-2.270666837692263,-0.5879897475242615,9.460300445556644
45,0.6563438177108765,0.11845142394304277,2.4942145347595215,2.1580028533935547,-0.33693116903305065,2.335080623626709,0.7412911057472229,-0.6935954689979553,1.9971896409988403,1.4255988597869873,0.6998177170753477,-2.041194200515747,1.1390494108200073,0.5424911379814147,-2.0445303916931152,0.3264721930027008,0.06379847973585129,-1.0900261402130127,5.633416652679444,-0.21003524959087375,2.3216712474823,4.11307954788208,0.39062792062759394,-1.9029139280319214,4.243857383728027,0.22426043450832367,-3.0690197944641113,9.46030044555664
46,3.7481679916381836,0.17012391984462746,3.1102097034454346,0.2367445230484009,0.33700826764106745,-2.6968579292297363,0.4832247197628021,-0.09176770597696297,2.6372458934783936,0.4621481001377105,0.33085483312606817,-0.3266579210758209,0.39416173100471497,0.6680374145507812,-0.13558781147003174,1.3757082223892212,0.3701760470867157,0.5399066805839539,4.658760070800781,0.1798592209815979,-3.1242456436157227,3.878229141235351,0.6978625059127809,0.1589416265487671,0.9853243827819824,2.0526905059814444,2.5700302124023438,9.46028995513916
47,1.444378137588501,1.0996960401535032,-0.10706276446580887,2.3003363609313965,1.2365875244140627,-0.48479241132736206,0.43402960896492004,1.8282266855239866,-0.017421063035726547,1.9752365350723267,0.3327092826366425,-1.609376311302185,0.6739896535873412,0.0063348836265504,-1.6273709535598755,3.496543169021607,0.3287684321403503,-1.4197174310684204,5.125389099121094,1.2178106307983394,-0.2471034377813339,6.319497108459473,0.30766382813453674,-1.5520747900009155,9.122699737548828,0.9387377500534055,-0.9791471362113953,9.46053504943848
48,2.926922082901001,-1.003364086151123,-1.5640292167663574,0.5739820003509521,-1.0432002544403078,-0.9923001527786256,0.8103343844413756,-0.87656033039093,-1.044428825378418,6.372125148773193,-0.1594945341348648,-0.6521002054214478,1.533601999282837,-0.052180316299200044,-0.7359909415245055,0.36886489391326904,0.15105520188808444,-0.8135544657707214,4.217343330383301,-1.015164852142334,-1.4378520250320435,12.647229194641112,-0.16244664788246158,-0.6129492521286011,15.815541267395018,-0.43616747856140137,-0.8100790977478026,9.460274696350094
49,0.4364108145236969,-0.7007083296775817,-0.02324964851140976,0.20427086949348452,0.3522466421127319,-1.146868348121643,0.9580169916152954,0.27883553504943853,-0.23163381218910217,1.677117109298706,-2.019330024719238,1.13287353515625,0.8229640126228333,-1.6175330877304075,1.11250638961792,0.35024169087409973,-2.246416568756103,1.9172554016113281,1.9911489486694334,0.24123834073543549,0.052206382155418396,4.179845809936523,-1.8557151556015012,1.3568283319473267,5.080770492553711,-1.6365081071853644,0.9690874814987184,9.460319519042972
50,1.8058401346206665,-0.7538859248161316,1.6938294172286987,3.967753648757935,-0.4221363067626953,1.7009133100509644,0.7319791913032531,-0.6266732215881348,1.737561821937561,0.30264967679977417,0.6437414288520813,2.082231044769287,0.5303096771240234,0.05894982814788813,-1.7097768783569336,0.37438544631004333,0.3648151457309723,-1.5594886541366577,6.832193851470947,-0.6010598540306091,1.707942247390747,2.065685272216797,0.44502782821655273,-1.7267789840698242,4.891176700592041,-0.6500803232192991,1.8302786350250244,9.4602689743042
51,1.2171945571899414,1.425057649612427,0.09907297790050508,1.145801067352295,0.8941991329193115,0.46670535206794733,1.225124478340149,0.8090012073516846,0.01872128807008266,0.3419196903705597,1.5030653476715086,-2.1700148582458496,0.35801109671592707,0.8836740255355837,-1.1597414016723633,1.3507694005966187,1.0552641153335574,-2.099379062652588,3.702912807464599,1.0622702836990359,0.13254514336585999,6.810324192047119,1.0664929151535032,-1.963046669960022,5.3500075340271,1.5008620023727417,-1.220267415046692,9.460300445556639
52,1.0363922119140625,0.22539970278739935,-0.28668487071990967,0.6346392035484314,0.07379484176635741,0.15223020315170288,1.469565749168396,-0.30736616253852844,-0.5747920870780945,0.9456639885902405,1.3831411600112913,1.470049262046814,1.2524133920669556,1.2017508745193484,0.8124571442604065,1.192064881324768,1.4119447469711306,1.4875611066818237,4.594765663146973,-0.06964193284511568,-0.19080100953578952,4.1743364334106445,1.3857660293579102,1.0861806869506836,7.046011447906493,0.9263973236083984,0.4121204614639282,9.460297584533691
53,2.643931388854981,-0.6127934455871582,-0.38258770108222956,1.358694076538086,-0.49066191911697393,-0.8441171646118164,0.17514818906784058,0.0812829732894898,-0.9593891501426697,0.5347687602043152,-0.8307880163192749,2.783698320388794,0.6627891063690186,-0.6540048122406006,2.6769216060638428,1.1576648950576784,-0.30414277315139765,-2.7497034072875977,5.6827712059021,-0.520624339580536,-0.4791218042373657,3.6405675411224365,-0.7318466305732726,-3.0252442359924316,3.977445363998413,-1.327661156654358,-1.0044641494750977,9.460300445556642
54,0.7998731136322021,-0.9090560674667358,1.4776362180709839,0.5842973589897156,-1.4015876054763796,0.4808193147182465,1.2034342288970947,-0.753623902797699,0.9890848398208618,2.0178537368774414,-2.02543830871582,-1.6695311069488525,0.7564366459846495,-2.001054286956787,-1.345811128616333,0.9020786881446838,-1.5491091012954719,-2.083585262298584,3.56981086730957,-1.077729821205139,0.8403366208076477,4.7831244468688965,-1.9321297407150253,-1.5848782062530518,3.1410980224609375,-2.58927416801452,-0.7424207329750061,9.46033000946045
55,2.040501832962036,-0.5361792445182799,2.573176145553589,0.4497685730457306,-1.1169315576553345,2.044484853744507,0.9097964763641356,-0.6804145574569703,2.128237247467041,2.1056931018829346,-0.35874372720718395,-1.8920462131500244,0.33602094650268555,-0.050488505512476,-1.7882310152053833,1.3892183303833006,-0.6107482910156252,-2.21164608001709,3.276402473449707,-0.7735801935195923,2.4352521896362305,7.947806358337403,-0.34617891907691956,-1.9118071794509888,7.436150550842285,-0.6957870721817017,-2.3359365463256836,9.460057258605955
56,1.8683375120162964,-0.9261279702186583,-2.7060978412628174,4.732537746429443,-1.1242985725402832,-2.765773057937622,2.2361927032470703,-1.0080217123031616,-2.378885507583618,0.7205499410629272,-0.24920298159122467,-1.8527060747146606,0.9688991904258729,0.29373204708099365,-1.8676797151565552,3.812255859375,-0.12609142065048218,-2.2429018020629883,9.12368392944336,-1.0560518503189085,-2.6505286693573,6.562040328979493,-0.07982601225376124,-2.179081439971924,15.263673782348631,-0.724564552307129,-2.454010486602783,9.46029090881348
57,2.2230453491210938,1.168525695800781,-3.0493409633636475,0.273192822933197,1.1717602014541624,2.7395899295806885,0.7113740444183348,1.2480543851852417,2.673433780670166,2.715044021606445,0.15578891336917872,-1.699381947517395,1.9263957738876343,0.28131404519081116,-1.5787464380264282,1.2339518070220947,0.5081102848052979,-2.0043773651123047,3.955188751220703,1.1845790147781377,-3.037684917449951,7.755699634552003,0.20458219945430758,-1.7376911640167236,9.60239315032959,0.714375615119934,-2.1458120346069336,9.46047592163086
58,1.0002095699310303,-1.4520641565322872,0.3979429006576538,1.2468501329421997,-1.646580576896667,1.0046919584274292,0.7194749712944031,-1.3673006296157835,1.2215780019760132,1.4212900400161743,-0.22033977508544922,1.7873033285140991,0.3878422677516937,0.571843385696411,2.465989112854004,0.8112435340881348,-0.27280655503273005,1.520891785621643,5.627655029296874,-1.5132732391357422,0.7173743844032288,4.622929573059082,-0.20516815781593317,1.6751939058303833,9.109146118164062,-1.160863757133484,1.1454353332519531,9.460362434387209
59,7.20992612838745,-1.6121737957000726,0.6597636938095093,6.6476263999938965,-1.6288341283798213,0.5940188765525819,18.05237579345703,-1.622722625732422,0.5957497358322142,0.9821228384971619,-1.9698576927185056,0.2306414395570755,2.0378549098968506,-1.49629271030426,0.2579962909221649,0.6819071769714355,-1.236719012260437,-0.11318262666463852,54.926021575927734,-1.6307682991027834,0.5933634638786316,7.869412422180176,-1.6208330392837527,0.21705327928066256,62.31193161010743,-1.63668954372406,0.5469360947608948,9.460152626037358
60,0.4124347865581513,0.257657766342163,-2.253460645675659,0.6371025443077087,0.15764422714710233,-1.9633616209030151,4.147159099578857,0.24433626234531397,-1.8140666484832764,0.4535205960273742,-1.5088720321655282,0.27187398076057434,0.8878882527351379,-0.967782139778137,-0.14098037779331204,0.9996081590652466,-0.8092390894889832,1.1130399703979492,6.20871114730835,0.34294047951698303,-1.9096957445144653,2.034762382507324,-1.1463191509246826,0.39378607273101807,5.078226566314698,-0.13872773945331573,-1.6072450876235962,9.460260391235352
61,4.394479751586914,-0.4155485033988953,-0.762556254863739,1.5435017347335815,-0.609256386756897,-0.6334266066551208,2.34395170211792,-0.5404045581817627,-0.8207288980484009,0.6422975659370422,-1.2609052658081057,-0.9909940958023071,2.110175609588623,-1.5060846805572505,-1.4796249866485596,0.43059337139129633,-1.3790445327758794,-0.6792320013046266,11.464021682739258,-0.4176468551158906,-0.744231879711151,4.713454723358154,-1.379764318466186,-1.4044653177261353,15.459613800048826,-0.7985995411872864,-0.932327389717102,9.460171699523922
62,1.5654610395431519,0.6477138400077821,-2.237947702407837,1.149898648262024,0.3574531078338623,-1.8233985900878906,0.48110851645469666,0.2122869491577149,-1.540725588798523,1.4538815021514893,0.5032750964164734,2.2312185764312744,1.7820427417755125,0.12320087105035787,2.564741373062134,0.8268611431121826,-0.1090501248836518,2.322080373764038,4.005507469177246,0.5982428193092346,-1.8355128765106201,6.406347751617432,0.32296106219291687,2.407099723815918,5.149651527404785,0.770543873310089,2.731250762939453,9.460300445556642
63,1.3931759595870972,0.4063703417778015,-0.7381829619407654,0.8302467465400696,0.5990935564041138,-1.3448963165283203,2.2876334190368652,0.377798467874527,-0.9753332734107971,0.4934908747673034,-1.9634393453598031,-2.180999279022217,1.1528348922729492,-1.1715240478515627,-2.23441743850708,0.39582255482673645,-0.4559505879878998,-2.124169111251831,4.485952377319336,0.42919588088989263,-1.0231938362121582,2.4649603366851807,-1.5843621492385866,-2.2431623935699463,5.813803195953369,-0.6102227568626404,-1.4327025413513184,9.460275650024416
64,3.003499746322632,-0.4522124826908112,1.9603707790374756,3.5555915832519527,-0.40672388672828663,1.8999015092849731,0.6977308392524719,-0.0570121556520462,1.921346664428711,0.19964621961116788,0.9722782969474794,3.128854751586914,0.4796605110168457,0.4898577630519866,-2.2342607975006104,0.7983049750328063,-0.2487428635358812,-1.792447566986084,7.725194454193115,-0.4234188795089721,1.97171151638031,2.338425397872925,0.08637062460184093,-1.7034602165222168,5.834344387054443,-0.5192385911941528,2.177006483078003,9.460289001464844
65,2.103883981704712,2.0011372566223145,-0.5857468247413635,0.18561697006225586,1.5711780786514284,-0.7590667009353638,0.17516300082206726,2.0096364021301256,0.6407051086425781,7.055838584899902,1.5975576639175408,-2.2785563468933105,2.779259204864502,1.4749766588211062,-2.408437728881836,1.0189324617385864,1.868634819984436,-2.2603650093078613,2.273770809173584,2.2479343414306654,-0.5382505655288696,11.29377269744873,1.6054254770278933,-2.329580783843994,11.022003173828125,1.9418852329254157,-2.1268985271453857,9.4603147506714
66,0.9985499382019043,-0.39510789513587946,-2.8814826011657715,1.2457983493804932,-0.8837608695030209,2.9817943572998047,0.644534707069397,-1.0614094734191895,-2.7845208644866943,0.40654057264328,-0.5071924924850464,-0.1257954090833664,1.757870435714722,-0.15149298310279846,-0.12845125794410703,2.3594279289245605,-0.02104534581303593,0.1362451016902924,3.4832253456115727,-0.6422580480575562,-3.0516197681427,5.110450744628906,-0.06520599871873851,-0.0828188955783844,1.782700538635254,-1.2113113403320312,-0.4254229068756103,9.460295677185059
67,0.2052975445985794,0.48599234223365784,-0.20599496364593506,1.002699613571167,-0.05057172849774365,1.2378768920898438,0.4143449366092682,-0.029101381078362448,0.21347515285015106,3.497815132141113,-0.5158404111862183,-1.802708625793457,2.4196579456329346,-0.3567523658275604,-2.0231404304504395,1.1946946382522583,-0.20453947782516482,-1.9535647630691528,2.0229544639587402,0.223210483789444,0.42629837989807134,8.783895492553711,-0.4817606508731841,-1.9113647937774658,7.522592067718507,-0.5025975704193116,-1.716489553451538,9.46027183532715
68,0.22571094334125516,1.1239861249923708,-0.6888050436973572,0.9492304921150206,2.2420988082885724,-0.2580135762691498,0.5015185475349426,1.9504047632217412,-0.026514530181884766,4.507683277130127,1.5420286655426023,-1.9988905191421509,1.6580419540405271,1.7324661016464236,-1.9179761409759521,0.3056943118572235,1.0762193202972412,-2.2529702186584473,4.643988609313965,2.125198364257813,-0.4031816124916076,7.480610370635986,1.6317180395126345,-1.9560668468475342,8.875277519226074,2.1494848728179945,-1.4055051803588867,9.460278511047363
69,0.2527528405189514,-0.5271047949790955,-1.6973505020141602,0.4108780920505524,0.4173147976398468,-1.7308073043823242,0.8927640914916992,0.6046461462974547,-2.3743011951446533,0.7990591526031494,0.6601547002792357,0.21085724234580994,0.8517797589302064,0.16979576647281647,0.4589636027812957,2.1743953227996826,0.55041766166687,0.6056626439094543,4.759852886199951,0.44230002164840704,-2.27040958404541,4.127228736877441,0.43549686670303345,0.5697957277297974,2.07849383354187,1.4311912059783936,-0.8869357705116272,9.46030044555664
70,0.680464506149292,0.336134523153305,0.024166056886315346,3.5788538455963135,0.22044040262699133,-0.44864189624786377,2.7291343212127686,0.042614929378032615,-0.3392752408981323,0.5827402472496033,1.4256573915481565,-2.9784278869628906,1.0439820289611816,1.2663203477859495,-2.7821125984191895,0.7103661298751831,0.4792880415916443,-2.060988664627075,7.589235305786134,0.21327327191829684,-0.36768975853919983,2.157040596008301,1.2634098529815672,-2.7248029708862305,6.251157760620117,0.7500973343849181,-0.6139428019523621,9.460310935974121
71,1.9987138509750366,-1.429853558540344,2.2127063274383545,0.6516767144203186,-0.8271412253379822,1.83017098903656,0.38220322132110596,-1.8506432771682737,2.220395565032959,5.3553175926208505,-0.5131209492683412,-2.981290817260742,0.43374705314636225,-0.5730853080749512,3.130767583847046,2.399846315383911,-0.8312203884124755,-3.0074031352996826,5.100038528442383,-1.4579162597656248,2.2570648193359375,8.93819808959961,-0.6049254536628723,-3.0299227237701416,12.46806526184082,-1.073467493057251,2.902771234512329,9.460297584533695
72,7.028800010681152,0.8699066042900085,1.34271240234375,0.647354006767273,1.1406896114349365,1.4305294752120972,0.8426807522773743,0.9914342164993288,1.2753835916519165,0.9244852662086487,0.8098570704460144,-1.852224349975586,0.7110096216201782,0.5626975893974304,-1.7534263134002686,0.5203737616539001,1.1236230134963991,-2.807211399078369,9.11176872253418,0.8907257318496704,1.304890751838684,1.9105517864227297,1.1441742181777954,-1.9108039140701294,7.207847595214844,1.2776966094970705,1.3245160579681396,9.460208892822266
73,4.383476257324219,1.5759407281875608,1.856319546699524,5.481101989746094,1.5959361791610713,1.8616774082183838,3.760953903198242,1.724962592124938,1.8662389516830444,1.4461994171142578,1.6408822536468504,0.8051936626434326,1.4899311065673828,1.3808133602142336,0.7021802067756653,0.37494271993637085,0.7207602262496947,0.833955407142639,13.956719398498533,1.647632241249084,1.8528833389282227,3.8809020519256596,1.563385963439942,0.6457231044769287,15.760122299194336,1.7454694509506232,1.6206556558609009,9.460066795349146
74,2.6192667484283447,0.03633848205208777,-1.8568294048309326,0.6908258199691772,-0.2414941787719726,-2.2674198150634766,0.7102847099304199,-0.06239077448844916,-2.478484630584717,6.462033271789552,1.101021409034729,-1.6551523208618164,2.696331262588501,1.2114292383193968,-1.8362563848495483,0.830156683921814,0.9971767067909242,-1.862428903579712,4.484964370727539,0.0010770015651359642,-1.929233431816101,10.240588188171387,1.1548904180526731,-1.7212854623794556,14.658205032348631,0.8805732727050781,-1.7844957113265991,9.460227966308594
75,0.7520685195922852,0.5756223797798156,1.8641595840454102,0.4810078740119934,0.5199289917945863,1.937102198600769,0.792664885520935,1.65651512145996,1.9270641803741455,2.5335426330566406,0.13208384811878213,-1.9336366653442383,2.2918479442596436,0.07904051244258878,-2.241926431655884,1.878683090209961,-0.08250125497579572,-2.1401796340942383,2.3323774337768555,1.134581923484802,2.116392135620117,7.970604419708252,0.12610635161399844,-2.1003236770629883,7.16145133972168,0.564346671104431,-2.390883207321167,9.460302352905275
76,3.1336688995361333,-1.3993213176727293,3.1157917976379395,0.4085547029972077,-0.9347231388092041,-2.820528745651245,1.9775213003158572,-1.1135336160659792,-2.940206289291382,0.6789073348045349,-0.9710202813148499,0.23132269084453583,1.187256097793579,-1.5738753080368042,0.4360588788986206,0.4254935979843139,-1.845876932144166,0.03154412284493447,6.0891432762146,-1.3509877920150757,-3.0489630699157715,3.1029663085937496,-1.771034240722656,0.44732785224914556,3.357016086578369,-2.475945711135862,2.9074113368988037,9.460328102111816
77,2.0264527797698975,0.3609773516654968,-2.1641921997070312,0.9650406837463379,0.27398636937141413,-2.592496156692505,1.9293073415756226,0.2890247702598572,-2.70371413230896,0.7937646508216858,-0.101019412279129,-0.6520988941192627,1.8029993772506716,0.5912994146347046,-1.1153171062469482,1.2179750204086304,0.10292802006006246,-0.9695742130279542,7.0785608291625985,0.40164536237716675,-2.460779905319214,5.5392656326293945,0.3406073153018952,-0.9143167734146118,9.093816757202148,0.5101950764656066,-1.806051254272461,9.46031856536865
78,0.7350965142250061,1.6111044883728027,0.10061825811862947,0.8414340615272522,1.0452697277069092,0.910167634487152,2.468534469604492,1.2777360677719112,0.6774761676788329,0.9961525201797484,1.5486764907836912,-0.7835225462913513,1.56461226940155,1.9055231809616089,-1.1643179655075073,2.3363003730773926,1.718399286270142,-0.8410022854804993,4.05178165435791,1.3035355806350706,0.6116260290145874,8.623026847839355,1.6571993827819822,-0.940004587173462,7.998468875885009,2.020954608917237,-0.0815139412879944,9.460300445556653
79,1.2175544500350954,0.25693222880363464,2.8549296855926514,2.191619396209717,0.6468836665153502,-3.05633282661438,0.39909327030181885,0.6044652462005615,2.517915964126587,0.6223919987678528,-0.3792003393173218,1.9822787046432495,2.53204083442688,-0.6143297553062438,2.4025590419769287,4.353177070617676,-0.6353186368942261,2.0169625282287598,3.7816946506500244,0.564131259918213,3.1049604415893555,8.282018661499023,-0.5984718203544618,2.128316640853882,10.860912322998047,-0.2736603021621703,2.4209983348846436,9.460363388061522
80,0.49356278777122503,-1.8477758169174205,-3.0171830654144287,0.8976455330848694,-1.3968833684921267,2.2139129638671875,2.7423205375671387,-1.926483631134033,2.717942714691162,1.2435884475708006,-1.1123645305633547,-0.5549283027648926,0.3834840655326843,-0.7120588421821594,-0.059320710599422455,0.8681880235671997,-1.647902011871338,-0.932501196861267,4.262438774108887,-1.836190223693848,2.6954028606414795,4.262238025665283,-1.3870110511779778,-0.5050455331802368,1.9224292039871216,-3.066843271255503,0.5947843194007874,9.460300445556646
81,3.508737802505493,-0.18306130170822146,-1.6501766443252563,3.6048655509948726,-0.30252867937088007,-1.5275509357452393,2.5025453567504883,-0.3806328773498534,-1.568763017654419,1.5163329839706419,-0.4926574230194091,-1.347300410270691,18.34010124206543,-0.5277001857757568,-1.3826038837432861,20.499540328979492,-0.5573325157165527,-1.38926362991333,11.939950942993164,-0.22863014042377472,-1.5626596212387085,42.84435272216797,-0.548338770866394,-1.38019597530365,54.62907409667969,-0.4832982420921326,-1.4198654890060425,9.460336685180664
82,0.2045589983463287,-1.4422348737716673,-1.345144271850586,2.8604466915130615,-0.7472174167633056,-3.075756788253784,0.48092982172966003,-0.4128782153129577,3.0904226303100586,0.4105913639068604,-0.17639553546905515,-0.5807203054428101,0.28048914670944214,-0.28203245997428905,-1.5953645706176758,0.7805623412132264,0.5783944725990297,-0.2990216910839081,4.0772881507873535,-0.7818087339401246,-3.032726764678955,3.6722879409790035,0.3239742517471313,-0.3844825029373169,1.9326196908950806,-1.0135416984558105,-1.913246750831604,9.460680961608887
83,0.9522615671157838,0.3950055837631225,-1.688300609588623,0.23026448488235474,0.6332644820213319,-1.1995095014572144,1.5310072898864746,1.0429592132568362,-1.3786779642105103,0.3190042376518249,-0.33319479227066034,2.0803885459899902,1.2200101613998413,-0.39354121685028076,1.7716903686523438,1.0375310182571411,0.1739462018013,1.9011515378952026,4.409977436065674,0.9908905625343324,-1.4216316938400269,3.429218053817749,-0.021477323025465025,2.0669009685516357,1.662525534629822,1.8297228813171384,-2.198918104171753,9.460320472717285
84,0.7911549806594849,0.6528207659721373,0.15619070827960968,2.2104973793029785,0.9781905412673948,0.4595564901828766,2.9465887546539307,0.9944504499435425,0.21621501445770264,0.9480397701263429,-0.1102316677570343,1.8268651962280273,0.7432479262351991,-0.3506290018558501,2.770693063735962,0.5291938185691833,0.4821483492851258,2.607384443283081,8.540207862854004,1.0078124999999998,0.3704900741577148,2.039696216583252,-0.06944802403450004,2.1683733463287354,8.321771621704102,1.0168830156326292,0.6116312146186828,9.46023654937744
85,2.3928773403167725,-0.5893535017967224,-0.4436477720737458,0.9125187993049622,-0.8103814125061035,-1.0280805826187134,0.4374862313270569,-0.9219497442245485,-0.5583823919296266,0.33139899373054504,-0.023496802896261187,1.6879844665527344,0.5111241340637207,-0.3396755754947663,1.651586890220642,2.1493983268737793,-0.5486670136451721,1.5355805158615112,7.293923377990723,-0.6415969133377076,-0.5088892579078674,3.131406784057617,-0.5200181603431703,1.7316418886184692,5.88638973236084,-0.9769650101661681,-0.0786806270480156,9.460404396057129
86,0.7987624406814575,-1.0135735273361204,-1.2982237339019775,2.57865571975708,-0.7400476932525636,-1.7753320932388306,1.941616415977478,-0.7411090135574339,-1.381978988647461,1.3831980228424072,-0.0351893343031406,0.9192947745323181,0.27776002883911133,0.9580608010292053,1.1744393110275269,0.42255264520645147,-0.15838575363159177,-0.03873361647129059,5.572824001312255,-0.791727364063263,-1.6145849227905273,2.8273935317993164,0.1608546227216721,1.0062522888183594,3.4226682186126705,-1.0751577615737917,-1.1910301446914673,9.46034240722656
87,0.249848410487175,0.20931214094161987,1.9603828191757202,0.8156727552413939,-0.3140856623649597,1.311901569366455,1.0252922773361206,-0.775196671485901,0.8991647958755493,0.5557875037193298,0.07310511171817778,-3.044360637664795,1.5026439428329466,0.7227819561958315,-2.7963690757751465,1.576035141944885,0.5230783224105835,-2.333430051803589,2.3118863105773926,-0.7845003008842467,1.0430670976638794,5.55891752243042,0.5538455843925476,-2.565380334854126,3.6460595130920415,0.3320628404617309,-2.8547890186309814,9.46030044555664
88,0.915898025035858,1.3818857669830322,0.4603177309036255,0.9140427112579346,1.4971425533294673,-0.31462776660919195,1.0970321893692017,1.6160317659378054,-0.1811550259590149,1.1309138536453247,1.9558392763137835,-2.314142942428589,0.7263275980949402,2.0809419155120836,3.0891144275665283,1.2963279485702515,1.9703278541564944,-2.5390701293945312,5.510858535766602,1.5494036674499512,-0.1950827389955521,4.037949562072754,1.9853358268737795,-2.4473769664764404,4.317206859588623,2.525847196578981,-1.0081430673599243,9.460276603698736
89,0.5936030745506287,-0.5759294033050537,-3.1152100563049316,0.6319390535354614,-1.0332473516464233,-3.1279635429382324,2.4369592666625977,-0.7415203452110293,-2.652414083480835,2.0619876384735107,-1.7993931770324703,-2.1671946048736572,0.39509522914886475,-1.942403435707092,-2.3743491172790527,2.051173448562622,-1.6585221290588383,-1.8144251108169556,5.12214994430542,-0.9482975006103517,-2.8379719257354736,9.549042701721191,-1.7617770433425908,-1.9459829330444336,13.373125076293945,-1.6238445043563843,-2.2486965656280518,9.460261344909656
90,2.060661792755127,0.06376111507415769,2.7634289264678955,0.6238591074943542,-0.5669293999671936,2.856656312942505,0.365384966135025,-0.7731939554214478,-2.9674551486968994,1.0841478109359741,0.21422219276428223,-1.096230149269104,1.1754460334777832,0.9234483242034911,-1.1238216161727905,1.4141055345535278,0.5687538981437684,-0.6695893406867981,3.072659492492676,-0.2857290208339691,2.867098808288574,5.599889278411865,0.5561159253120423,-0.889047145843506,3.5613787174224854,0.6281822919845582,-1.4097260236740112,9.460317611694336
91,1.302244782447815,-0.722399413585663,0.36248689889907837,0.7195943593978882,-0.8998955488204954,0.8348478674888612,1.2883198261260986,-1.3078348636627195,0.7150202989578248,0.9631626009941101,-0.3640721142292024,-1.0769752264022827,0.9973604679107666,0.06558962166309362,-1.2492047548294067,2.46150541305542,-0.372830182313919,-1.1174746751785278,4.464154243469238,-1.1376149654388426,0.7161685228347778,5.687593936920166,-0.3170758783817292,-1.0093615055084229,7.102785110473633,-0.9914041757583619,-0.254071593284607,9.460300445556642
92,1.2274070978164673,-0.5925772190093996,2.7280004024505615,1.932143211364746,-0.3037194311618805,2.2924959659576416,1.1392254829406738,-0.10496719181537631,2.3365697860717773,2.04298734664917,0.4185651838779448,-2.2984442710876465,1.4741363525390625,0.5477139353752136,-2.39581298828125,1.445804476737976,0.10984019190073017,-2.5746755599975586,6.7438979148864755,-0.2442044019699097,2.40027117729187,5.708067417144775,0.32170110940933233,-2.479713201522827,9.534407615661621,0.021480774506926564,3.0316925048828125,9.460307121276855
93,0.40812540054321284,1.7772295475006104,2.2868075370788574,1.453760743141174,1.7207822799682626,2.9749438762664795,1.112215280532837,1.4996415376663212,-2.948381185531616,3.6400783061981197,0.14401999115943911,1.746631145477295,0.7959034442901611,0.5092974901199341,2.120248794555664,1.1398983001708984,0.30677738785743724,1.988511085510254,3.117843866348266,1.7723008394241342,2.864252805709839,6.966619491577148,0.2701951861381531,1.9273608922958374,9.164334297180176,1.0030906200408938,2.205033779144287,9.460592269897461
94,1.1611894369125366,-1.4079953432083134,2.8421578407287598,1.2097564935684206,-1.1310175657272339,2.8102493286132812,0.7225826978683472,-2.098292112350464,3.1054482460021973,0.9013342261314392,-0.9529615640640259,-1.8669555187225342,3.998013734817505,-1.210601687431336,-1.989823818206787,3.020444869995117,-1.0841802358627317,-1.7763162851333618,4.435464859008789,-1.4128773212432866,2.8988680839538574,9.453715324401855,-1.1864348649978635,-1.934913992881775,10.91794490814209,-1.4748675823211672,-2.3499958515167236,9.4603271484375
95,5.992463111877441,-0.8843690156936646,-0.1762949377298355,4.646170139312744,-0.7580592632293701,-0.18744182586669925,0.5477813482284545,-1.08918297290802,-0.4116681218147278,0.5625569224357605,-1.8952580690383904,1.2453625202178955,0.2684948146343231,-1.567151546478271,1.5484832525253296,0.305454283952713,-1.2550768852233884,-3.132012128829956,11.419997215270996,-0.8332806825637817,-0.19864803552627563,1.007859468460083,-2.2658512592315683,2.569129705429077,10.488199234008789,-1.1803530454635622,-0.16355000436306,9.46031475067139
96,0.4832516610622406,-0.40598359704017634,0.17522481083869934,0.17700619995594025,-2.397560358047485,-1.0843747854232788,0.8950642347335815,-0.7611767649650573,1.5834598541259766,2.199244976043701,1.1699626445770261,1.006276249885559,3.21340823173523,0.8710178732872009,0.8655220866203308,0.6208935379981995,0.7217976450920106,1.0079785585403442,1.2397434711456299,-1.3322950601577754,0.9916767477989197,7.353344440460205,0.9271703362464904,0.8807793259620665,8.586568832397461,0.6181073188781739,0.8967587351799011,9.460311889648438
97,1.749829173088074,0.8822988271713257,-0.9350526928901672,1.5737266540527344,0.7476445436477662,-0.8667410612106324,0.24709126353263855,0.11230827867984769,-0.32251885533332825,6.34254264831543,1.4887374639511113,-0.505603551864624,1.0406265258789062,1.7558017969131468,-0.30056801438331604,5.009150981903076,1.4973694086074831,-0.4652917087078095,3.8254189491271973,0.7157229185104369,-0.9141166806221009,16.80626106262207,1.5395665168762203,-0.5017881989479066,20.36884307861328,1.4352165460586546,-0.5771220922470093,9.460286140441895
98,1.6234111785888672,-1.9140081405639657,-1.5388644933700562,1.35432767868042,-1.5559291839599614,-1.5602871179580688,0.17161884903907776,-1.811390757560729,-2.7131245136260986,2.4037864208221436,-1.8680505752563472,2.2441952228546143,1.9685583114624023,-1.84787631034851,2.4147531986236572,0.3007771968841553,-1.8405101299285884,2.8724260330200195,3.7185239791870113,-1.6987609863281248,-1.669905662536621,6.241791725158691,-1.9879709482192989,2.4366984367370605,5.133732318878174,-2.5350260734558123,3.074512481689453,9.460210800170886
99,1.8964183330535889,-1.8136293888092028,1.0876784324645996,2.1613845825195312,-1.6232148408889766,1.3747227191925049,2.4675495624542236,-1.5609179735183716,1.191510796546936,5.9618191719055185,-1.0628727674484253,0.7353661060333251,3.73119306564331,-1.2052754163742063,0.722636342048645,1.1823053359985352,-0.9553354382514955,0.49474763870239263,6.8447980880737305,-1.711137056350709,1.179357886314392,17.718196868896484,-1.1003172397613528,0.6797264218330383,23.951839447021484,-1.3276462554931638,0.8170724511146545,9.460194587707495
100,1.174362063407898,-1.7098659276962276,-2.326375961303711,2.5075159072875977,-2.039567470550536,-2.1408302783966064,1.2236971855163574,-2.224752902984622,-2.3270020484924316,3.747796058654785,-1.811841130256652,-1.2817858457565308,0.888494610786438,-1.8565006256103525,-1.181998372077942,0.9248228669166565,-1.4446722269058223,-1.4055789709091187,8.497347831726074,-2.098623752593995,-2.2973365783691406,7.320461750030518,-1.7741802930831911,-1.1828867197036743,13.439404487609863,-2.11838459968567,-1.78643798828125,9.460267066955566
101,1.7358132600784302,1.9838117361068723,-2.422541618347168,1.8166419267654421,2.314743041992188,-2.69206166267395,1.430907964706421,2.144310235977171,-2.92671275138855,2.615692138671875,1.3040874004364014,-2.4175922870635986,5.331796169281006,1.1945257186889646,-2.2137961387634277,1.8869847059249878,1.1664748191833496,-2.106571674346924,6.661880970001221,2.1593980789184575,-2.748469114303589,9.77155590057373,1.2347632646560671,-2.2408406734466553,15.926091194152832,1.737530589103698,-2.4456067085266113,9.460293769836426
102,2.86205792427063,-0.2063842117786408,0.37944120168685913,1.0427775382995605,-0.4514797627925874,0.011153101921081545,1.0518165826797485,-0.2445171922445296,-0.04769794270396232,0.33919626474380493,1.424397349357605,2.524341344833374,0.2881317734718323,1.8038802146911634,-1.7740614414215088,0.70415061712265,0.5191273689270021,-2.439023494720459,6.028417110443115,-0.2741324603557587,0.31003180146217346,1.284334421157837,1.7728514671325686,-2.6640307903289795,4.766877174377441,0.4078273475170135,0.26509004831314087,9.460312843322752
103,0.7493779063224794,-0.4977722764015198,3.0312557220458984,0.9392487406730653,-0.7368542551994324,-2.5789406299591064,2.3488802909851074,-0.8615177273750306,-3.097341775894165,0.5175700187683105,-0.9462000727653505,-0.21577696502208707,1.0359630584716797,-1.3274513483047488,0.5535556077957153,0.765340507030487,-0.7660464048385618,0.3629604279994965,4.1980061531066895,-0.7595502734184266,-3.0770137310028076,4.5366435050964355,-0.9503627419471741,0.14865030348300934,0.49920418858528137,-3.5281767845153746,0.9327055215835571,9.460288047790527
104,1.6421837806701662,0.8284354209899902,1.8901634216308594,0.18535792827606204,0.1287508010864258,-3.056553602218628,0.5327007174491882,0.5967438817024232,1.7481887340545654,1.4841102361679077,0.29216676950454706,-2.3085837364196777,2.1623103618621826,0.12447516620159153,-2.1857831478118896,1.9998552799224851,0.3514427542686463,-1.898475170135498,3.0036430358886714,0.9829093217849734,2.0649099349975586,7.09825563430786,0.31858080625534047,-2.0563173294067383,10.709074020385742,0.2485619187355043,2.9973859786987305,9.460300445556642
105,6.691539764404298,1.2499443292617796,1.5191795825958252,0.552570104598999,1.0778155326843262,1.5424599647521973,2.8572583198547368,1.2249134778976443,1.643495798110962,0.27834203839302063,1.8362064361572263,-0.15476681292057037,0.4246208667755127,0.8195218443870543,-0.8437084555625916,1.6163777112960813,1.0491908788681028,0.13985188305377963,10.145565032958984,1.2533382177352905,1.5433903932571411,3.196233749389649,1.3876681327819829,-0.14821402728557587,10.263157844543457,1.5191169977188113,1.229082703590393,9.460267066955566
106,6.733356952667236,0.18844811618328086,-2.191742420196533,1.3491307497024536,0.17003846168518064,-2.177921772003174,1.5182030200958252,0.4790379703044891,-2.2342913150787354,0.6737154722213745,0.6962640285491943,0.7954239249229432,0.26894453167915344,0.7022790908813477,1.2847501039505005,0.23110482096672058,0.6195101737976073,2.7369203567504883,14.38658809661865,0.1932204067707063,-2.164957046508789,0.9872716069221498,1.2989418506622314,1.9998525381088257,13.898178100585938,0.31644773483276367,-2.225644111633301,9.46040630340576
107,0.9903271198272706,1.4111291170120235,0.4284683167934418,2.8865139484405518,1.4356752634048462,0.009736523032188416,1.0852974653244019,1.6503223180770878,-0.14859585464000702,1.00068199634552,1.0952109098434446,2.2920093536376953,0.8868732452392577,0.6445084810256959,2.065511703491211,1.6248674392700193,1.0511329174041748,1.7192124128341675,4.971672534942627,1.5512468814849854,0.011185380630195139,4.535891056060791,0.9670303463935851,2.1114861965179443,2.9524207115173344,2.369808673858642,1.885915994644165,9.460300445556635
108,3.0842642784118652,1.107414364814758,-2.4692416191101074,0.6236186623573302,1.2913625240325926,-2.6955623626708984,0.5444424748420715,0.8001038432121277,-2.026202440261841,0.24991606175899508,2.0371482372283936,0.15455536544322968,0.642808735370636,1.9612962007522599,-0.49201759696006775,1.1361881494522095,1.2509818077087402,-1.1040658950805664,8.889301300048828,1.0819418430328371,-2.537277936935425,3.5789163112640385,1.5666559934616084,-0.8898887634277343,9.325214385986328,1.4977235794067376,-2.1445999145507812,9.460708618164062
109,0.6969150900840759,0.3854467868804933,-1.3549273014068604,1.2223457098007202,0.15651147067546847,-0.7579243779182435,1.029691219329834,-0.21198625862598416,-0.7525594234466553,2.230496644973755,0.1251084506511688,1.0520007610321045,3.2697126865386963,0.4371882379055023,1.1013070344924927,0.6018355488777161,-0.017004135996103294,0.8411564230918884,4.143657684326172,0.2518250942230225,-0.9956216812133789,6.448141574859618,0.26283398270606995,1.0171658992767334,5.990905284881591,0.44713687896728516,0.341789722442627,9.460259437561035
110,0.4190948605537414,-0.8098214864730836,0.3709258139133453,2.1333820819854736,-0.008108176290988926,0.8105150461196898,1.9455416202545164,0.09249565005302426,0.4897505044937134,0.19261758029460904,1.3491003513336184,-1.217000126838684,0.6106051206588745,1.4798966646194462,-0.05141299217939376,2.865781545639038,1.736539840698242,0.06309198588132858,4.594170093536377,-0.0920933559536933,0.6275444626808167,3.6454944610595708,1.6887181997299194,0.009109515696763992,7.854181289672852,0.9896447658538817,0.35509207844734186,9.460270881652832
111,0.5404608845710754,1.1856194734573366,-0.8404053449630736,0.9416992664337158,0.6296686530113221,-1.0249249935150146,3.2701835632324214,0.9233259558677674,-1.250678539276123,2.7332749366760254,0.7580373883247374,0.5883744359016418,2.8725399971008305,0.8399841189384458,0.7068350911140442,0.26798388361930847,1.177408576011658,1.1378026008605957,5.227042198181152,1.014674425125122,-1.176556944847107,5.7748942375183105,0.8539857268333434,0.6575891971588135,8.316476821899414,1.1887547969818117,0.5364449620246886,9.46030044555664
112,1.1734886169433594,0.05259548127651209,-2.5809566974639893,1.0199135541915894,-0.13118101656436928,-2.9346752166748047,1.5135213136672974,0.14087074995040894,-2.070383310317993,3.8807880878448486,-0.010714244097471175,2.866952657699585,3.0003702640533443,0.08128800243139266,3.092895984649658,4.714393615722657,-0.04372755438089364,2.9821596145629883,3.87874698638916,-0.02591844461858274,-2.4167094230651855,22.52015495300293,-0.01859287917613975,2.9736669063568115,25.13520622253418,-0.02065804041922095,3.094144582748413,9.460187911987305
113,1.9078223705291748,0.06495182216167447,0.8721407055854797,1.7743098735809324,0.2246937453746795,0.5013902187347412,2.6795132160186768,-0.07026160508394232,0.793594479560852,1.0548299551010132,-1.1352311372756958,0.13510048389434817,1.0732589960098264,-1.6574118137359615,-0.14071935415267947,0.7087486386299133,-1.789564132690431,-0.2315866649150848,7.783931255340576,0.012010655365884292,0.6857126355171204,2.6964073181152344,-1.5777058601379395,-0.076579749584198,9.910624504089355,-0.5871040225028993,0.4967011511325837,9.460274696350098
114,0.6545730233192444,-1.9094176292419431,-2.379737138748169,0.27612873911857605,-0.5619887709617615,3.1083998680114746,0.136048823595047,-2.3302588462829563,2.2773935794830322,0.5693426132202148,0.6453199386596681,-1.1414027214050293,1.0275237560272217,0.7055374383926393,-1.4955699443817139,0.24273137748241422,1.7929644584655753,-2.8861582279205322,1.7977495193481443,-1.804260969161988,2.998422384262085,1.8616272211074827,1.3085846900939941,-1.5657124519348145,2.3893208503723145,-0.7993127703666688,-2.4049839973449707,9.46034622192383
115,2.3421895503997803,-2.1403889656066895,2.4434890747070312,2.1704840660095215,-1.7877088785171513,2.355600118637085,0.4724752902984619,-1.9019464254379275,2.854534387588501,1.44059157371521,-2.030935525894164,-1.36879301071167,0.43781837821006775,-2.4138836860656734,-0.9190868139266968,1.0506846904754639,-2.3018934726715106,-1.9892164468765259,6.236573696136475,-1.9907177686691286,2.3503332138061523,3.266442060470581,-2.2675745487213153,-1.370151162147522,3.9319121837615967,-2.9643657207489036,2.822145700454712,9.460388183593738
116,1.000483512878418,1.2564883232116695,-2.0310468673706055,3.2211296558380127,1.1853226423263552,-2.38765025138855,1.807750940322876,1.054565191268921,-2.242642879486084,0.7402295470237731,0.5284507274627686,0.276732087135315,0.27226996421813965,0.9126767516136168,1.3833696842193604,0.19911162555217746,-1.5466849803924558,0.5535728335380554,7.080221652984619,1.146149516105652,-2.2071142196655273,1.95501172542572,0.19741109013557434,0.47315496206283575,2.8925557136535645,1.8635542392730722,-2.692403793334961,9.46030044555664
117,0.7731328606605529,-0.44780534505844116,2.480416774749756,0.8804922699928283,-0.24813081324100494,1.6282055377960205,1.4316376447677612,-0.23714005947113037,1.6676746606826782,0.7685166597366334,-1.3492414951324463,0.13275447487831116,0.9385136365890503,-1.4637001752853396,-0.08563572168350221,1.5829159021377561,-1.2574007511138918,0.49297234416007996,3.479736089706421,-0.1946068257093429,1.9477121829986572,6.050459384918213,-1.3549966812133782,0.42712992429733276,7.129526615142822,-1.2653660774230955,0.9363068342208862,9.4601936340332
118,1.2985869646072388,-2.068791866302489,1.413330316543579,1.8385633230209353,-2.2307980060577415,1.0145145654678345,0.7913352847099303,-2.1448385715484637,0.723237693309784,0.4539216160774231,-1.810114741325379,-2.7328381538391113,0.28023239970207214,-0.4430235624313354,-1.876761555671692,1.2625041007995608,-1.1879841089248657,3.10296893119812,7.057018756866455,-2.1476550102233887,0.9726120829582214,2.120807647705078,-1.454445362091065,-2.707700252532959,5.889974594116211,-2.662046909332277,1.2724827527999878,9.460300445556653
119,1.2974092960357666,1.2786490917205808,-0.6704124212265015,2.1134188175201416,1.379964828491211,-1.0245004892349243,0.6777122020721436,1.0132781267166138,-1.0535246133804321,1.4215894937515259,0.871247112751007,0.4571937322616577,1.6187987327575684,0.8652351498603822,0.5136272311210632,0.9744567871093751,1.2765855789184573,0.9560847878456116,6.808645248413087,1.2216876745224001,-0.7994871735572815,6.020646572113037,0.8776307702064515,0.6429929733276367,9.648677825927733,1.307801961898804,-0.132200688123703,9.4602689743042
120,0.4819201529026032,-1.0928190946578977,-3.0161139965057373,1.862459897994995,-0.32512697577476496,-3.0913190841674805,0.9084954857826232,-0.9974377751350404,3.0448338985443115,0.638125479221344,-0.495240330696106,-0.25829735398292536,1.2403494119644165,0.14599965512752533,0.337889701128006,0.8959488272666931,-0.07070207595825193,-0.24053709208965302,4.38677453994751,-0.68344646692276,3.02949595451355,4.210879325866699,-0.23084719479084012,0.12370113283395767,1.0262813568115234,-2.1209945678710946,1.7476325035095215,9.460121154785156
121,7.749074459075928,0.022582978010177567,1.8726627826690674,0.2953988015651703,-0.17875257134437567,1.8666110038757324,1.6620857715606692,-0.03798122331500052,1.7830865383148193,1.6155689954757688,0.5789135694503785,2.6452248096466064,0.446305125951767,0.6459836363792419,2.984896421432495,1.9057267904281614,0.4931555390357971,2.4590864181518555,11.7667236328125,-0.02902645058929922,1.8146297931671143,6.080142974853516,0.47236186265945446,2.7447052001953125,16.1541748046875,0.16261079907417295,2.1211390495300293,9.46027660369873
122,1.8210399150848389,-0.5178515315055847,0.18820582330226898,0.8757501244544983,-0.8948357105255126,0.6342626810073853,0.32905587553977966,-0.7527686357498169,0.6416310667991638,1.5945860147476199,-0.794369876384735,2.875471830368042,1.0949665307998657,-0.30641970038414007,2.814161777496338,0.6310481429100036,-0.18663904070854195,2.6802494525909424,2.8800373077392583,-0.7737157940864564,0.28200474381446833,6.9182820320129395,-0.6329587697982787,2.912466526031494,6.873801231384277,-0.9584063887596131,2.8800275325775146,9.460300445556642
123,2.670659303665161,1.7273210287094114,-1.7445589303970337,1.2988203763961792,2.1475248336791974,-1.5889924764633179,1.0531412363052368,1.622554063796997,-2.0010783672332764,2.798466682434082,0.8574841022491457,-1.188825249671936,0.7339619398117065,0.48834100365638716,-1.3247463703155518,0.5393546223640442,0.5485064387321471,-1.6896611452102661,7.525605201721191,1.8927931785583498,-1.7961649894714355,4.72432279586792,0.6680938601493835,-1.3008129596710205,11.895956993103027,1.5851213932037354,-1.6062498092651367,9.460284233093262
124,3.298993349075318,-1.129754304885864,0.33559742569923395,0.7831120491027832,-1.1867229938507078,0.8079683780670166,1.5553908348083496,-0.9418655037879944,0.5946894884109497,1.207877993583679,-0.7997372150421145,3.140397071838379,0.8830127120018004,-0.7659559845924376,2.77866792678833,1.0298206806182861,-1.354521870613098,2.35164213180542,6.203822612762451,-1.1578224897384641,0.5262575745582581,3.5670337677001953,-0.9671724438667298,2.8502070903778076,4.576120376586915,-1.760496735572815,1.1311393976211548,9.460305213928226
125,2.6741862297058105,-0.4329881370067597,-2.5753424167633057,0.6470726132392883,-0.34546834230422974,-3.1097772121429443,0.21035012602806094,-0.2976649999618531,-3.0343286991119385,0.7735708355903625,-2.004525899887085,-0.7998421192169188,1.4513999223709106,-1.5171993970870974,-0.6253761053085327,1.461278200149536,-1.853159308433532,-0.9862413406372069,4.4336066246032715,-0.5847525000572206,-2.7569079399108887,3.759718656539917,-1.782225608825684,-0.7302927970886229,4.372292518615723,-1.852728605270386,-1.8747661113739014,9.460298538208011
126,3.6338915824890132,0.8733010292053223,2.466512441635132,0.3222607970237732,1.2268553972244263,1.9572954177856445,0.9313480854034424,1.1544452905654907,2.0836215019226074,0.2214714139699936,1.0097897052764893,-0.5203447937965393,1.4714888334274292,1.135997533798218,0.7177791595458984,1.160813331604004,1.2104769945144653,0.7492908239364624,5.068354606628418,1.0287525653839111,2.3140361309051514,6.14364767074585,1.212734580039978,0.5300326943397522,7.089092254638672,1.5298770666122439,1.303699254989624,9.460265159606934
127,1.0970168113708496,-0.26845633983612055,-1.7800694704055786,0.49427679181098944,0.23977069556713101,-1.0008670091629028,0.7438581585884094,-0.5204618573188783,-1.1640450954437256,1.0068697929382324,-1.9423296451568606,1.0376195907592773,1.4580637216567993,-1.8598494529724108,1.1163848638534546,1.222541093826294,-1.3552902936935427,0.970949649810791,2.7414066791534424,-0.17504231631755834,-1.1991565227508545,4.1882100105285645,-1.68546998500824,1.120993971824646,3.068334579467774,-2.022570610046387,0.40797373652458185,9.460388183593752
128,1.4770690202713013,2.3974134922027566,1.6168630123138428,0.9967737197875975,2.421237230300904,1.2505314350128174,0.373622328042984,1.973223328590392,1.095742106437683,0.6416561603546143,2.268263101577758,-1.030060887336731,0.5477637648582458,2.332331895828247,-1.4890474081039429,0.2856690287590027,2.393932342529297,-0.36970400810241694,6.283294677734374,2.444831609725952,1.6068001985549927,2.9979145526885986,2.4987933635711705,-1.5971966981887817,3.296521425247192,3.491341829299942,1.6635452508926392,9.460307121276855
129,1.9513708353042603,-1.4797344207763674,-0.4200444221496582,0.6677019596099854,-1.407241702079773,0.09066037833690645,0.5501362085342407,-1.000723958015442,-0.17537935078144073,0.9439312815666199,-1.8349673748016344,3.0103652477264404,1.2099283933639526,-1.0768942832946775,-3.0652265548706055,0.898532748222351,-1.2493417263031008,-2.829702615737915,2.9950635433197017,-1.5585747957229616,-0.25071296095848083,6.460054397583009,-1.3633719682693481,-3.0404152870178223,3.7917511463165283,-2.2938325405120863,-2.764680862426758,9.460283279418949
130,1.1206326484680176,-1.700613260269165,-1.6718957424163818,1.4089947938919067,-1.9227107763290399,-2.4691312313079834,1.2638416290283203,-1.9405618906021116,-1.9501343965530396,0.741131603717804,-1.2133244276046755,-0.50314861536026,1.5747648477554321,-1.6776720285415645,-0.5451395511627196,1.3023489713668823,-1.6957195997238161,-0.06598726660013199,5.182833194732666,-1.9015092849731452,-2.1465044021606445,5.637117862701416,-1.4938286542892452,-0.34721955657005305,6.738217353820801,-2.1620593070983882,-1.1940412521362305,9.460204124450689
131,1.435526251792908,-1.0060503482818601,-1.7604126930236816,0.9306612014770509,-0.3584070503711701,-1.2484055757522583,0.5433688163757324,-0.13423885405063635,-1.6008907556533813,0.8106916546821594,-0.6203988194465638,2.023916721343994,0.552260160446167,-0.38239327073097235,2.4797301292419434,1.1618483066558838,-0.28213468194007885,2.66502046585083,3.41054368019104,-0.6603363752365111,-1.4500478506088257,6.405036926269531,-0.6180210709571838,2.4384372234344482,3.3950314521789546,-1.5260828733444216,-2.5564475059509277,9.460300445556639
132,1.057120442390442,-1.2800166606903076,3.107048988342285,1.6026023626327515,-0.9636498093605039,-2.7411510944366455,0.35619309544563293,-1.4762318134307861,-2.7241322994232178,0.62818843126297,-1.2062004804611208,0.021882107481360432,0.6053151488304138,-1.8483595848083492,-1.3660966157913208,1.1838632822036743,-1.8406738042831428,-0.3667558431625366,7.5870890617370605,-1.1330007314682007,-2.7487752437591553,2.8316264152526855,-1.7092310190200808,-0.5319859385490417,6.302054405212402,-1.77838385105133,-2.3818132877349854,9.460505485534664
133,1.8344535827636719,1.0667797327041624,-0.5022478103637695,0.1461452692747116,0.5118239521980285,-1.4437466859817505,0.6170454025268555,0.895109951496124,-0.024385713040828705,1.6002434492111206,-0.6036639213562012,0.7941858768463135,1.1646219491958618,-0.42975509166717524,0.6199432015419006,4.053414821624756,-0.4100220799446106,0.5501246452331543,3.094431161880493,0.8782349824905396,-0.43761152029037476,7.775633335113525,-0.5016025304794312,0.5555528402328492,5.294177532196044,-0.1606377512216568,0.6329226493835449,9.46030044555664
134,2.5731265544891357,1.049049973487854,0.6232640743255615,0.6139665246009827,1.4931995868682861,0.9637550115585327,0.9049547910690308,1.2872916460037236,1.111132025718689,0.529030442237854,-0.4260428845882416,-1.9994045495986938,0.6222360730171204,0.15328739583492274,-1.7574608325958252,1.863298416137695,0.5248742103576661,-2.1920714378356934,5.32733154296875,1.1213483810424805,0.6980926394462587,3.1007091999053955,0.3850533962249756,-2.131596088409424,2.5596580505371094,1.9187058210372923,0.31721365451812744,9.460298538208008
135,0.8083925843238831,0.01665487326681613,1.51702082157135,1.6154458522796629,0.2889747321605684,0.9523080587387085,2.594552516937256,0.20945250988006595,0.9912737011909485,0.8256897926330566,-0.19663123786449427,-1.0545932054519653,0.6897900104522706,0.036633297801017754,-1.754569172859192,0.8021165728569032,-0.13802711665630338,-2.1222784519195557,7.045742511749268,0.19143323600292203,1.1595467329025269,2.588146209716797,-0.06037807092070582,-1.8820717334747314,4.477976322174072,0.26501697301864624,1.1018285751342773,9.460280418395996
136,1.0958701372146606,0.5641666054725647,2.0269854068756104,1.8841516971588135,0.9466910362243653,2.5535876750946045,1.2109861373901367,0.8887906074523928,2.424250602722168,2.3531782627105713,0.5585790276527405,0.19056722521781919,1.132171392440796,0.06224426999688151,0.2672310173511505,0.4683282971382141,0.13189795613288877,0.7202733755111694,4.163318157196045,0.8458407521247862,2.4266281127929688,5.223667144775391,0.3330819308757782,0.17069274187088013,4.134822368621826,1.1295469999313352,1.0648273229599,9.46023941040039
137,0.302883118391037,-2.2608170509338414,1.7961838245391846,0.4895613491535186,-0.6811772584915162,2.188072919845581,0.388071060180664,-1.1964114904403689,1.8391573429107666,0.9921683669090271,-0.8038545846939086,-1.7234269380569458,1.2186319828033447,-0.8702376484870908,-2.008625030517578,0.9303514957427979,-0.9275553822517395,-2.2638962268829346,2.267435073852539,-1.0945267677307127,1.8671633005142212,8.488823890686035,-0.8837725520133972,-1.8066773414611816,6.6355743408203125,-1.3193913698196416,-1.9809659719467163,9.460407257080076
138,3.336965799331665,-0.1681183427572251,-2.0321688652038574,2.5697758197784424,-0.3255897164344787,-2.0028584003448486,2.1575815677642822,0.06908797472715375,-2.0403990745544434,13.653972625732422,-0.4632454812526703,-1.5735070705413818,1.9226523637771609,-0.47777345776557917,-1.7192332744598389,3.195931911468506,-0.5815886855125428,-1.5205128192901611,12.026453971862791,-0.11056733131408693,-2.015928030014038,19.770288467407227,-0.47447109222412126,-1.58296537399292,31.099098205566406,-0.34880477190017695,-1.7459362745285034,9.460291862487793
139,7.316128253936767,0.4069160819053651,-0.36761021614074707,0.7333293557167053,0.35089844465255743,-0.4238725304603577,1.9146666526794436,0.47556221485137923,-0.20518693327903748,0.64960116147995,-0.3414495289325713,-0.742857336997986,0.3236544132232666,-0.3687950670719147,-0.7375771999359131,3.322494983673096,-0.4713450074195862,-1.2936426401138306,12.157160758972168,0.378323644399643,-0.30375924706459045,4.424891471862793,-0.39455050230026256,-1.1934930086135864,15.333486557006838,0.18919473886489874,-0.5298779010772705,9.460343360900877
140,1.596718192100525,-0.6575775742530823,0.6490585803985596,1.0803515911102295,-1.2560807466506954,0.4287168085575104,0.878446102142334,-1.3753191232681274,0.26452204585075373,2.7447168827056885,-0.909270942211151,2.520120859146118,3.510193109512329,-0.9779435992240905,2.2146434783935547,1.5121128559112549,-0.8736807107925416,2.102226734161377,3.8618659973144527,-1.1534054279327393,0.5349981784820557,8.218746185302734,-0.9448187947273254,2.278477907180786,8.45898151397705,-1.3069587945938108,1.8119921684265137,9.460250854492191
141,1.774275541305542,1.3232127428054807,-1.409449577331543,4.527257919311523,1.6404403448104863,-1.279658555984497,2.776922702789307,1.5655165910720825,-1.262455701828003,16.1486873626709,1.3575760126113885,-1.6113879680633545,7.139354705810547,1.386850237846375,-1.66658353805542,15.372722625732422,1.3640998601913452,-1.6508679389953613,10.25300121307373,1.5296009778976438,-1.2864447832107544,48.04317474365234,1.361607074737549,-1.624468445777893,57.816043853759766,1.4003515243530271,-1.5656249523162842,9.46022796630869
142,0.8067985177040101,-2.244574546813962,2.638824462890625,2.5324225425720215,-1.878930568695069,3.0685229301452637,2.4581961631774902,-1.9320402145385758,2.6391279697418213,0.3432238101959228,-0.9042136073112488,-2.8856945037841797,1.1283318996429443,-1.2155781984329226,-2.477018117904663,3.2605659961700444,-0.8594397902488711,-2.0355262756347656,5.960859775543212,-1.9731940031051634,2.7945687770843506,4.895874977111816,-1.01307213306427,-2.1648199558258057,8.589062690734863,-1.8585920333862298,-2.9030003547668457,9.460294723510748
143,2.1088945865631104,0.031420860439538956,1.0477575063705444,0.9619827270507812,0.09515400975942614,1.2823747396469116,0.21386428177356723,-0.3869912028312683,0.6025504469871521,0.50291508436203,0.3157827258110047,-2.309506893157959,0.6857234239578247,0.2311139851808548,-2.083913803100586,2.130556344985962,0.1228699162602425,-1.525482416152954,3.987514019012451,-0.15112449228763572,1.010448932647705,4.655309200286865,0.32655707001686085,-1.818034291267395,4.195423126220703,0.06460409611463544,-1.741997241973877,9.46030044555664
144,0.6393662095069885,0.8831535577774048,1.3879766464233398,0.8415309190750122,1.1609108448028567,0.41253188252449036,0.7577354907989501,1.2168480157852175,1.3629666566848755,0.22808739542961123,0.7990380525588989,2.3790123462677,0.9377499222755433,-0.2508973181247711,2.9656553268432617,0.8280847668647766,-0.26034858822822565,-3.045628547668457,3.361112594604492,1.3770382404327395,0.8962730765342712,4.728397369384766,0.0707823410630226,2.902693033218384,4.499129772186279,1.1726801395416262,2.1586222648620605,9.46027660369873
145,0.42555397748947144,1.6286586523056032,-2.7244584560394287,0.47022640705108637,1.535685062408447,3.078003168106079,2.8349978923797607,1.3948582410812373,3.024660587310791,1.1434028148651125,1.646936058998108,-0.5011077523231506,0.6428802609443665,1.9749038219451904,-0.29219886660575867,0.47240579128265386,1.1024426221847532,-1.2638789415359497,4.06153678894043,1.6105085611343384,-3.1094632148742676,5.123874187469482,1.634540319442749,-0.5381919741630554,2.7900145053863525,2.832640409469601,-1.6459081172943115,9.460300445556635
146,1.1497398614883423,1.558611392974854,3.025507926940918,0.41984620690345764,1.9879871606826798,-2.4381837844848633,1.0134589672088623,1.9447439908981323,-2.9259743690490723,1.665824294090271,0.8436262011528016,-1.1798754930496216,0.4739538133144379,0.16124047338962555,-1.0794082880020142,0.6208126544952393,1.362098813056946,-1.6017653942108154,5.486866474151611,1.9962379932403571,-2.9612653255462646,3.5828194618225098,0.9942243695259093,-1.132530689239502,5.736989498138428,2.1383056640625004,-2.3129403591156006,9.460266113281245
147,0.1618480086326599,-0.5896585583686828,0.5010205507278442,2.8440701961517334,-0.9433143734931947,0.4025911986827851,2.0036494731903076,-0.9798904061317442,0.42414265871047974,0.8834909796714783,-1.0650358200073242,-1.261049509048462,2.4439072608947754,-1.2672022581100464,-0.8562198281288147,1.521121144294739,-0.8943736553192138,-1.125132441520691,8.124045372009277,-1.0763123035430906,0.39113074541091913,5.168399810791016,-1.1515437364578243,-1.08637273311615,10.026741027832031,-1.3427463769912724,-0.14780166745185855,9.460294723510739
148,2.088632345199585,0.09899961948394771,-2.312910318374634,0.38480645418167114,-0.20480769872665414,-1.4586907625198364,1.5726706981658936,0.2078457027673721,-2.1470465660095215,1.3742249011993408,0.8186969757080077,-0.1743817180395126,0.4190834760665894,1.2856159210205078,-0.2544023394584655,0.3437662720680237,0.28474220633506775,-1.3711590766906738,5.778955936431885,0.2300702780485153,-2.217383861541748,4.1282830238342285,0.9576776027679443,-0.30568602681159973,7.618834495544434,0.9918028116226195,-1.4876126050949097,9.460300445556639
149,1.0774447917938232,0.3746664822101593,-2.27955961227417,1.2396719455718994,0.2004992663860322,2.888684034347534,1.050047516822815,0.5971220731735228,-2.730485677719116,1.0508320331573486,0.25798743963241566,-1.2294485569000244,4.984027862548828,0.2161065340042114,-1.0479261875152588,0.831974983215332,0.47851881384849554,-1.0973498821258545,3.2074284553527828,0.4648718237876892,-2.8345420360565186,10.291645050048828,0.2692455649375916,-1.175882339477539,10.507726669311523,0.40297710895538325,-1.4848414659500122,9.460302352905275
150,1.067950963973999,0.9290673136711121,2.0602543354034424,0.7248843312263489,0.7450738549232484,1.273191213607788,0.2004593908786774,1.048808574676514,2.8794965744018555,0.5736762285232544,-0.052955929189920446,-1.8590404987335205,0.16885389387607574,0.698642909526825,-1.2928657531738281,2.6692392826080322,0.08643895387649536,-1.8107872009277344,4.881391525268555,0.8723478317260743,1.8567837476730347,3.7844536304473873,0.2554745078086853,-1.8212932348251343,5.2992987632751465,1.1910411119461057,2.0941450595855713,9.46030044555664
151,1.046837568283081,-1.511781334877014,-0.3272009193897248,0.30035868287086487,-0.5069704055786132,-0.18529824912548065,0.3545665740966797,-0.6305646300315857,-0.4198811650276184,5.396320343017578,-2.0306928157806383,0.9429715871810913,0.9359784126281739,-1.7878160476684577,1.3708868026733398,0.3801529109477997,-2.3434872627258283,1.2892718315124512,3.258230447769165,-0.9202660322189333,-0.2745933532714844,7.157191276550293,-2.008267641067506,1.0365699529647827,8.591567039489746,-1.9512668848037718,0.6612980961799622,9.46025943756103
152,0.5684813857078552,-0.14006373286247253,-2.546955108642578,0.3922313749790191,0.5232375264167786,2.4990148544311523,0.6069713830947876,0.6459155082702637,2.9785239696502686,0.9351893067359924,1.5945999622344973,1.2040303945541382,1.4598777294158936,1.650302529335022,0.7963778376579286,1.1532052755355835,1.61284875869751,1.3891595602035522,1.6003109216690066,0.13878324627876276,-2.8565571308135986,5.524988651275636,1.6999404430389407,0.9273058176040649,3.956155300140381,2.0806803703308114,1.2579050064086914,9.46030044555664
153,1.1167837381362915,-1.3980554342269895,-0.770490050315857,2.6375279426574707,-1.036863684654236,-0.42687302827835083,0.8497016429901123,-0.8197245001792907,-0.3987825810909271,1.4248571395874023,-1.3209980726242065,-2.134390115737915,3.2005555629730225,-1.2511026859283447,-2.213783025741577,1.3745101690292358,-0.8200180530548095,-2.3958325386047363,5.607480525970459,-1.0287994146347044,-0.5361245274543762,6.132666110992432,-1.21023166179657,-2.2057414054870605,7.890997409820556,-1.467798948287964,-1.4202815294265747,9.460318565368652
154,0.22844451665878296,0.25301882624626154,2.0605978965759277,1.9765373468399048,1.3075842857360838,3.0047101974487305,0.8396496772766114,0.9465891718864442,-2.6562840938568115,1.3041020631790161,1.9785516262054454,-0.03632405772805214,2.001810073852539,2.049147605895996,-0.02263786457479,1.8589369058609009,1.7285419702529903,-0.4687587320804596,2.8698346614837646,1.2613173723220827,3.1017000675201416,5.4081854820251465,2.0095162391662598,-0.20734012126922607,2.622477054595947,2.9292585849761923,-0.3907531797885895,9.460310935974126
155,0.2641891837120056,-0.4702782332897187,-3.0695512294769287,1.270582914352417,-0.5852833986282349,2.0965609550476074,2.0671863555908203,-0.45366862416267406,2.138153314590454,2.622582197189331,-0.28416579961776733,0.6232983469963074,5.601480960845947,-0.3837061822414399,0.7177082300186157,0.7311592102050781,-0.13876640796661374,0.8507332801818848,4.133174419403076,-0.5846046805381775,2.0629684925079346,10.883081436157227,-0.2803073525428772,0.7110192179679871,12.452149391174316,-0.43923494219779957,1.0409818887710571,9.4603271484375
156,0.9323524832725526,1.7126493453979492,1.629361867904663,0.5437300801277161,1.3668687343597417,0.48393571376800537,0.5199673771858215,0.8437694907188414,1.244320034980774,1.4736460447311401,-0.05538463965058334,-0.895840048789978,0.18353007733821866,-0.6125473976135253,-1.6972349882125854,0.5728145837783813,-0.3595905601978301,-1.6024643182754517,3.7371017932891846,1.4500523805618284,1.2175261974334717,2.3061134815216064,-0.458977997303009,-1.2289990186691284,2.4589393138885502,1.6893819570541382,0.5732331871986389,9.460299491882324
157,0.33309078216552734,-0.6116272211074829,2.466597318649292,2.9150915145874023,-0.1711233705282211,2.4828550815582275,2.7207257747650146,0.012524775229394486,2.6441538333892822,0.56298828125,-0.44030991196632396,-2.806170701980591,0.3920953869819641,0.38908594846725464,-2.0539040565490723,0.9455021023750305,-0.6568176150321962,-1.6527786254882812,9.124432563781738,-0.038271121680736514,2.573442220687866,3.25160813331604,-0.45387277007102966,-1.974956750869751,9.172836303710938,-0.20314921438694,2.9307215213775635,9.460308074951172
158,1.8405101299285889,-1.1438220739364624,-1.8905497789382935,0.2855059504508972,-0.9652742147445679,-2.5575008392333984,1.4933180809020996,-0.787881076335907,-1.9908868074417114,0.8772217035293578,-0.9892713427543641,-0.15046535432338715,1.5684304237365723,-0.7787334322929382,-0.3815332055091858,4.043629169464111,-0.8298723697662354,-0.4694065749645233,4.654752731323242,-1.1640530824661257,-1.9153468608856201,7.667980670928954,-0.8409829139709475,-0.32312947511672974,8.88457202911377,-1.2338829040527344,-0.8744280934333801,9.46030235290527
159,1.3251547813415527,-0.870646893978119,2.0647647380828857,0.3434402048587799,-1.4508004188537598,1.156778335571289,1.165603756904602,-1.1275676488876343,1.257716178894043,2.075363636016846,-0.7040427923202512,2.929560899734497,3.4527888298034672,-0.527608811855316,2.7658755779266357,1.6218284368515012,-0.7139369249343873,2.968346357345581,3.101397752761841,-1.1730701923370364,1.4795576333999634,13.375339508056639,-0.6487560868263244,2.785773277282715,14.498757362365723,-0.8484219908714294,2.577813148498535,9.460334777832035
160,0.43648913502693176,-0.4652140140533447,-2.2831451892852783,3.021395683288574,-0.4159292280673981,-2.7000491619110107,1.1286280155181885,-0.44676253199577326,-2.9618310928344727,0.8983938694000243,-0.7976206541061402,1.5997263193130493,0.8613215088844299,-0.9645866751670837,1.8596959114074707,1.395978331565857,-1.0630023479461672,2.4593591690063477,6.849905014038086,-0.5555786490440369,-2.6579501628875732,4.482604026794434,-1.0678236484527588,1.9369007349014282,7.733914375305175,-1.054574728012085,3.011892080307007,9.460275650024414
161,1.3850868940353394,-0.2114729732275009,-1.659761905670166,0.38351476192474365,0.5636940598487855,-2.0198094844818115,0.2429555952548981,-0.12450829148292536,-1.1627401113510132,0.43920618295669556,0.7245588302612304,-0.056505274027585976,1.0807534456253052,0.534249424934387,0.11799803376197814,1.3190683126449583,0.9317868351936341,0.6684969663619995,6.355964660644531,-0.21732492744922643,-1.7439031600952148,2.6707975864410396,0.882369875907898,0.43492063879966736,5.3044281005859375,0.2394565790891648,-1.3178678750991821,9.460258483886719
162,0.561626136302948,1.5325450897216792,2.0883545875549316,1.3431459665298462,2.235922336578371,2.1714975833892822,0.4869911074638366,1.98764932155609,2.4852793216705322,0.3177143335342407,0.19200739264488217,0.8833253979682922,0.44118902087211603,-0.049626346677541774,0.06471069902181625,0.9464365243911744,-0.140256181359291,1.5873899459838867,3.5717322826385502,1.874395489692687,2.3314712047576904,2.908302068710327,-0.0364878848195076,0.8264446854591369,4.751936435699463,1.5975106954574587,1.6745251417160034,9.460261344909668
163,1.3970913887023926,1.4959341287612917,-2.1762890815734863,0.8379916548728942,1.650140047073365,-2.392730712890625,1.437695860862732,1.1438770294189453,-2.7341649532318115,1.1113910675048828,1.3347808122634883,0.973075032234192,0.7226001620292665,1.5722965002059934,1.423545241355896,1.0048575401306152,1.8076462745666502,0.5927363634109496,5.377289772033691,1.4706063270568848,-2.3331029415130615,3.620802640914917,1.5207878351211546,1.0813122987747192,2.1273179054260254,2.8843398094177166,-2.8095431327819824,9.460285186767582
164,0.8527619242668151,0.07487301528453826,1.0675926208496094,1.2028076648712158,-0.2613773941993712,1.9758213758468628,1.2771676778793335,-0.1685464233160018,1.7401338815689087,0.46883213520050054,0.8297711610794066,-0.7956441044807433,0.9205096960067748,1.6755956411361694,-2.0677363872528076,0.6607577204704285,0.8124259114265443,-1.2994203567504883,5.243805885314941,-0.08271563053131097,1.6037579774856567,2.0816705226898193,1.4975947141647334,-1.38984215259552,3.199646949768067,1.0450316667556763,1.5076781511306763,9.460291862487793
165,2.240147352218628,-0.9457722902297976,0.5474191904067993,1.952503442764282,-0.9539631009101868,0.07221680879592897,4.093404769897461,-0.9733752012252807,0.42820417881011963,1.2968565225601196,-1.7676651477813716,1.548645257949829,1.4514514207839966,-1.7694276571273797,1.0654749870300293,2.2041993141174316,-1.56922447681427,1.3863178491592407,9.923799514770508,-0.9507314562797547,0.39500129222869873,5.163172245025635,-1.6933938264846797,1.3970311880111694,13.428824424743652,-1.3617277145385747,0.7249065637588502,9.460231781005854
166,0.16088369488716125,-2.150448322296142,-1.9569636583328247,2.13456130027771,-0.8240196108818055,-2.2243282794952393,0.8425679802894593,-0.9922502040863036,-2.9415183067321777,1.2053446769714355,-0.7410888671874999,2.8051645755767822,6.9905338287353525,-0.8200858235359193,2.7370009422302246,2.7180871963500977,-0.956322908401489,2.8874363899230957,3.6882452964782715,-0.9709942936897279,-2.3343353271484375,16.309202194213867,-0.8231284618377684,2.8206706047058105,18.196714401245117,-0.9184610843658446,3.0048656463623047,9.460318565368652
167,0.4001414477825165,-0.16245870292186743,-2.427102565765381,2.057955503463745,-0.6973615884780882,-2.444472074508667,3.273417711257935,-0.6414062976837157,-2.398404121398926,0.5577521324157715,-1.6940469741821282,0.8109127879142761,0.31702014803886414,-0.8314212560653688,1.4540132284164429,0.7092810273170471,-1.5951818227767942,1.7427785396575928,8.829508781433105,-0.5291627645492554,-2.4074506759643555,1.715683460235596,-1.5019093751907349,1.0824594497680664,7.240573883056641,-1.0040321350097654,-2.4884157180786133,9.460220336914062
168,0.6331622004508972,1.0675313472747805,-2.4813170433044434,2.5503857135772705,0.8269364237785338,-2.707542657852173,1.2124454975128174,0.3920013308525086,-2.449843645095825,1.8213711977005003,0.3430444598197938,2.661315679550171,4.528853893280029,0.5102654099464415,2.62267804145813,1.5951461791992188,0.6677662134170531,2.5007569789886475,7.184086799621582,0.6963951587677002,-2.6644818782806396,12.417974472045898,0.529415726661682,2.675036907196045,17.621585845947266,0.6511718034744265,3.0114569664001465,9.460112571716312
169,0.9280484318733215,1.85599410533905,3.1284234523773193,2.4823131561279297,1.3676588535308842,2.5031163692474365,0.9438785910606384,1.1705517768859863,2.8360660076141357,2.5623180866241455,1.2488900423049927,1.522183895111084,3.8425841331481934,1.1531037092208862,1.521399974822998,0.617953062057495,0.8649766445159915,1.6767054796218872,4.196381568908691,1.5116740465164191,2.7111093997955322,11.977259635925295,1.101078987121582,1.4833333492279053,13.959703445434572,1.3484429121017456,1.7703522443771362,9.460291862487798
170,2.238527297973633,-2.0385181903839125,-0.010041783563792706,0.6082949638366698,-2.031251907348632,0.03331376984715462,0.9064561128616333,-1.6908239126205435,0.517065703868866,0.900053083896637,-1.3364968299865725,-2.140712022781372,2.0384740829467773,-1.8339890241622925,-2.5122196674346924,0.4407444298267365,-1.4061914682388306,-2.801243305206299,3.5356485843658447,-2.0575065612792964,0.1294928640127182,5.442396640777589,-1.630629539489746,-2.5722506046295166,2.701634645462036,-2.996678829193114,-1.981178641319275,9.460280418395996
171,12.93075180053711,1.6782484054565427,2.0684940814971924,5.0156898498535165,1.7154450416564944,2.0566084384918213,1.8984456062316892,1.7693630456924443,2.186094284057617,9.63199234008789,1.5744349956512451,1.6609286069869995,1.202346682548523,1.6597580909728997,1.6554162502288818,1.0516407489776611,1.7702946662902832,1.587895154953003,22.95836067199707,1.696147441864014,2.1001694202423096,16.526906967163086,1.5562541484832766,1.6711914539337158,38.60475540161133,1.6607308387756354,1.9211479425430298,9.460384368896388
172,0.28921264410018915,-1.92020618915558,-2.01936674118042,0.9743969440460205,-1.3300942182540891,3.0377862453460693,1.4033453464508057,-1.2076753377914426,2.857121706008911,0.48926702141761774,-2.396690845489502,-0.3454459011554718,0.7652697563171388,-1.8143312931060789,-1.0178669691085815,0.9328130483627319,-2.216606140136721,-1.20038640499115,3.4698033332824703,-1.573778748512268,3.088014841079712,6.127725601196289,-1.9999475479125988,-0.9282329082489013,4.724356651306152,-2.555440425872804,-1.5269217491149902,9.460326194763171
173,2.928536891937256,0.27026084065437306,-0.6082165241241455,0.37631481885910034,0.24541904032230383,-1.1359148025512695,0.595879852771759,0.03740549460053442,-0.5946176052093506,0.23379559814929962,-0.3208997547626494,-2.495885133743286,3.253473043441772,-0.3765272498130798,-2.118473529815674,2.9331414699554443,-0.16437061131000513,-2.1776123046875,3.861901044845581,0.1743544936180115,-0.6598982214927673,8.711491584777832,-0.3569887280464173,-2.195052146911621,9.654122352600098,-0.25610890984535223,-1.783784031867981,9.460264205932615
174,8.119912147521973,-0.0781028941273689,-0.89438396692276,6.665803909301758,-0.1513783037662506,-0.8416256904602051,1.0312299728393555,-0.2677051723003388,-1.0316256284713745,0.574616551399231,-0.6401543021202086,0.20890425145626065,0.7369418740272523,-0.8413489460945126,-0.45405879616737366,1.0601959228515625,-1.3617296218872064,-0.45983555912971497,15.973226547241211,-0.1247561722993851,-0.8728833198547363,2.6204676628112793,-1.1364476680755617,-0.08384484052658081,17.916196823120117,-0.3108658790588377,-0.7688970565795897,9.460309028625492
175,1.24797785282135,1.6771456003189085,-0.16232603788375854,0.9389703273773192,2.270519256591798,0.1541426032781601,1.549951195716858,1.8905920982360835,0.13951633870601654,2.893248558044433,2.1271862983703618,-1.8077548742294312,1.026969075202942,2.268594026565554,-1.7484416961669922,2.4303696155548096,2.3185610771179173,-1.6000497341156006,3.9765293598175053,1.9422531127929683,0.13346382975578305,7.370408535003662,2.1755626201629665,-1.6835806369781494,7.473067760467528,2.5088219642639205,-1.1413326263427734,9.460278511047363
176,1.4721500873565676,-1.7877315282821664,0.10475496947765349,0.782233715057373,-1.974847793579101,0.297122061252594,3.42504096031189,-1.7908066511154175,0.4202989339828491,0.4218950569629669,-1.1822735071182249,2.56843638420105,0.5470967888832092,-1.7155075073242185,2.5139694213867188,3.216009140014649,-1.5479748249053955,2.1065001487731934,6.64762783050537,-1.8633861541748054,0.41369059681892395,4.761814117431641,-1.6833237409591684,2.1707141399383545,7.425893783569336,-2.2054457664489737,1.0954463481903076,9.460295677185046
177,1.0089778900146484,0.0533431507647037,2.6132328510284424,1.288729190826416,-0.04955802112817768,-3.003737449645996,1.3280202150344849,-0.004434798844158647,2.821821451187134,0.9473402500152588,-0.3952480554580688,-0.8518906235694885,0.933473527431488,-0.414923518896103,-0.6578162312507628,0.5803285837173462,0.18291197717189786,-1.342969536781311,8.86917781829834,0.019756782799959172,2.862684965133667,2.2223267555236816,-0.29546070098876964,-0.9819782376289368,7.316335678100587,-0.0670553967356682,3.0603625774383545,9.460237503051758
178,1.0823646783828735,2.0626537799835205,-0.9096871614456177,0.6449458599090577,1.0755788087844849,-0.32053384184837336,0.6980255842208862,1.490984678268433,-0.3215832114219666,0.6556820869445801,1.2929848432540891,-2.778855323791504,0.8903944492340088,0.5712532997131348,-2.5413827896118164,1.0528985261917114,0.5573570728302002,-2.6070501804351807,3.2642228603363037,1.6819585561752326,-0.723979949951172,6.972904682159425,0.9052916765213013,-2.6747210025787354,6.511048793792724,1.6126837730407715,-2.190427541732788,9.46032524108887
179,0.6975864768028259,-1.4133307933807373,0.03831072151660919,0.26789015531539917,-1.4405504465103152,0.6575468182563782,1.4193387031555174,-2.028251647949219,-0.6613497734069825,3.673649311065674,-1.2076518535614014,2.16207218170166,1.353044033050537,-1.0625314712524414,2.421797752380371,1.5185630321502686,-1.2505888938903804,1.9730838537216187,2.260979652404785,-1.886130332946777,-0.2653169333934784,8.382267951965332,-1.1622864007949827,2.1067166328430176,6.9390878677368155,-1.7504389286041262,1.8780076503753662,9.460305213928223
180,0.46506959199905396,0.577276647090912,2.1208839416503906,0.5600056052207947,1.1457219123840332,0.9835813641548157,0.508739709854126,1.8605604171752927,1.9510940313339233,0.9631078243255615,1.7553600072860724,-2.581193208694458,1.1751559972763062,1.6788475513458254,-2.6012179851531982,7.920139789581298,1.563408493995666,-2.4932432174682617,1.9046541452407837,1.421612620353699,2.0455551147460938,13.171669960021973,1.6455671787261954,-2.5533359050750732,13.0934362411499,1.7513010501861581,-2.6983742713928223,9.46029853820802
181,2.045732259750366,0.30468884110450756,2.8303382396698,1.370478868484497,0.6178455352783202,-3.130345106124878,1.295362114906311,0.6458383798599242,-3.1312968730926514,0.4909648597240448,-0.7429661750793457,-2.8773722648620605,2.170661449432373,-0.18357382714748371,-2.7696850299835205,2.757197618484497,-0.17838469147682198,-3.0518429279327393,9.865766525268555,0.5014747381210328,2.949110269546509,9.458666801452637,-0.2625651955604553,-2.8711841106414795,18.80939483642578,0.14017580449581146,-3.1075942516326904,9.460247993469242
182,2.0993525981903076,1.6869697570800775,0.6034573912620546,0.9855917692184449,1.3956896066665647,0.23723062872886658,0.32978835701942444,1.641181588172912,0.9657912850379944,0.37375330924987793,1.017169713973999,-1.9400991201400757,0.5998023748397827,2.2142202854156494,-2.6020758152008057,0.5536200404167175,1.7524782419204719,-2.5939102172851562,5.377504825592041,1.544677019119263,0.38106054067611694,3.669235467910767,1.9682383537292474,-2.2187674045562744,2.9273259639739995,2.837482452392568,-0.3217127621173858,9.460262298583984
183,0.831994354724884,-0.7110356092453002,2.159932851791382,0.6269614696502686,-0.9829139709472655,1.258958339691162,1.0706158876419067,-1.0366724729537964,1.19123113155365,3.3735268115997314,-0.9557667970657348,-0.9383047819137573,0.7511236071586609,-1.152009606361389,-0.7696462273597717,2.1711061000823975,-0.6261873841285707,-0.832248330116272,2.705531597137451,-1.1975928544998167,1.4184116125106812,8.254402160644531,-0.8971107602119445,-0.8217921257019043,6.9093713760375985,-1.35565721988678,-0.5096810460090637,9.460265159606932
184,3.288449287414551,2.051953554153443,-1.2439688444137573,0.7960554957389832,1.7834635972976676,-0.9639555215835571,0.5527698993682861,2.0494198799133314,-1.698009729385376,1.303731083869934,2.0486097335815443,3.087611675262451,0.9618477225303651,2.3208241462707515,2.8012518882751465,1.509826898574829,2.1283080577850355,2.687119722366333,4.4978718757629395,2.064547777175903,-1.2203737497329712,5.069161891937256,2.073732376098633,2.7380731105804443,3.835705280303955,2.9699604511260955,-2.5198614597320557,9.460312843322766
185,1.8231247663497925,-0.6283715367317201,0.9820730090141295,2.8714787960052495,-0.34150072932243336,0.8317772150039673,1.0893348455429077,-0.6902795433998108,0.9024693369865417,0.12193491309881212,-2.559339284896853,0.7087790966033936,0.7269018888473511,-1.1623358726501467,-0.7620695233345033,1.1177899837493896,-1.236095905303955,-0.8666692972183228,7.248179912567139,-0.46639156341552734,0.8118265867233276,3.553229808807373,-1.5697202682495117,-0.5767301917076111,8.631143569946289,-1.1099368333816528,0.3950028121471405,9.460296630859375
186,2.3805079460144043,0.8977487087249757,0.17419649660587314,0.3652694821357727,1.2001528739929201,0.3318670392036438,0.49240243434906006,1.247778654098511,0.8139076828956604,0.46781191229820257,-1.4143868684768677,0.047925103455781944,0.41066819429397583,-0.48829165101051347,-0.8592774271965027,0.7518339157104492,-1.5998575687408443,-1.2238270044326782,4.156857967376709,1.1706641912460325,0.15878283977508542,1.6399933099746706,-1.3433109521865847,-0.622400939464569,5.445235729217529,0.5468698143959045,-0.05490637943148614,9.460278511047363
187,0.9140041470527649,1.1327403783798218,0.2709640562534332,0.6044042110443115,1.2233567237854004,0.096712127327919,0.5353975892066956,2.1807751655578618,0.41589051485061646,1.5931996107101443,2.3070764541625963,-1.635049819946289,0.7612739205360411,2.432998418807986,-1.531929850578308,7.201827526092528,2.5008208751678493,-1.573689341545105,1.9828805923461914,1.7248526811599736,0.08529187738895416,9.620540618896484,2.463217973709107,-1.570536732673645,9.656413078308105,2.5500607490539564,-1.3644802570343018,9.460301399230957
188,1.0411865711212158,1.8071588277816764,0.7313566207885742,0.9594656825065613,1.4556394815444949,1.3925445079803467,0.5378238558769226,1.9228309392929084,0.379960834980011,1.1874444484710693,2.233668088912967,2.2901611328125,2.115062713623047,2.2232058048248327,2.6022982597351074,2.1663355827331543,2.0211896896362314,2.741840124130249,3.3074934482574463,1.6523011922836304,0.7796313762664795,8.341131210327148,2.113338947296143,2.5138769149780273,8.457868576049805,2.313263177871705,2.11775541305542,9.460238456726074
189,0.859116792678833,2.0413172245025635,-0.43647798895835876,1.4267762899398801,1.30126428604126,-0.02833298966288567,0.5460677742958069,1.3621015548706055,0.36374196410179144,1.7416703701019285,1.9839116334915154,3.0785865783691406,1.0060502290725708,1.9752202033996589,-3.060462236404419,2.634723424911499,1.8176740407943717,2.714895009994507,2.95199704170227,1.5737514495849607,-0.1295684576034546,5.908880233764649,2.000180959701538,2.9018948078155518,2.9924070835113525,2.940957784652715,2.7932586669921875,9.460303306579595
190,0.6670789122581482,-0.24972574412822723,1.760401725769043,1.4316284656524658,-0.795865297317505,1.885282278060913,0.23472194373607635,-0.4317736625671387,1.361121416091919,1.3806296586990356,-1.1810331344604492,-0.8476414680480957,1.0497777462005615,-1.3160307407379153,-0.8787190914154054,0.9227445721626282,-0.6175888776779175,-1.0401277542114258,5.2929368019103995,-0.8253754377365112,1.6698026657104492,4.019484043121338,-1.0246548652648926,-0.8044193983078004,3.2788190841674805,-1.8110393285751347,0.8084356784820557,9.460271835327148
191,1.7267630100250244,-1.2607074975967405,1.906345009803772,0.4600921869277954,-0.8869511485099794,2.528855323791504,0.49353289604187006,-1.3914852142333987,1.7075647115707397,0.9690747261047363,-1.3789393901824958,-0.7981554865837097,0.4729396402835846,-1.0989066362380981,0.28893977403640747,0.25108635425567627,-2.06361985206604,0.479683518409729,7.238723754882812,-1.2163041830062866,1.8302686214447021,2.8929064273834233,-1.6062949895858767,-0.5645202398300171,5.423808574676514,-1.8763625621795663,1.6628128290176392,9.460300445556644
192,0.4859422147274017,-0.019608128815889365,-0.12303055077791214,0.9911080598831177,0.29047319293022167,0.028632299974560738,3.1236214637756348,0.5312437415122988,-0.09061921387910843,2.1584019660949707,0.26122257113456726,2.503833532333374,0.674635648727417,-0.5796414613723755,2.082616090774536,0.5730070471763611,0.28631216287612915,2.751861810684204,5.709683418273927,0.5537969470024108,-0.06649739295244217,3.549229860305786,0.1301609873771668,2.3975443840026855,3.690556049346924,0.9001867175102233,0.5806094408035278,9.4602689743042
193,0.4587203860282898,-0.44355672597885126,1.9832873344421387,1.8000624179840086,-1.1265623569488528,2.0447213649749756,1.2455493211746216,-1.0754362344741821,2.4404780864715576,1.0610287189483643,-1.0799065828323364,-1.6153384447097778,0.5425636172294617,-0.9332994818687439,-1.581437587738037,2.1822116374969482,-1.4261047840118408,-1.1423852443695068,5.146334648132324,-0.9386247396469115,2.093698740005493,3.694143295288086,-1.290576696395874,-1.3355975151062012,1.9161589145660398,-2.515560626983644,2.6725237369537354,9.460298538208006
194,32.55245590209961,1.6202045679092403,2.230316638946533,2.8860411643981934,1.6237075328826904,2.291240692138672,2.98744797706604,1.633300423622131,2.281909227371216,1.7220734357833862,1.805503964424134,2.588392734527588,1.6777926683425903,1.87998867034912,2.364889621734619,2.4710328578948975,1.8688410520553593,2.7096731662750244,42.98477554321289,1.619701862335205,2.249591112136841,8.855536460876465,1.9593735933303833,2.515895128250122,51.58082962036133,1.6906543970108032,2.294787645339966,9.460430145263672
195,1.4296917915344238,0.12438574433326727,1.409102439880371,0.9359744787216188,-0.06475427746772758,2.0337812900543213,0.2175340503454208,-0.9587042927742002,1.5780280828475952,1.5846596956253054,0.6317254900932311,-1.2737337350845337,0.7793869376182556,0.9582968950271606,-1.6154723167419434,0.7530597448348999,1.3255761861801147,-0.7318570613861084,4.441956043243408,-0.11304524540901176,1.5035226345062256,3.554011344909668,0.8510574102401735,-1.2671204805374146,1.7134654521942139,1.2970103025436404,0.6526044011116029,9.460413932800293
196,1.5362499952316284,-0.674203097820282,0.45924162864685064,0.42155158519744873,-1.2667176723480222,0.9526134133338928,0.5767391324043274,0.008918606676161263,0.42258918285369873,0.889243483543396,0.5317062139511107,2.476189613342285,0.8622624278068542,0.8236513137817384,2.2699356079101562,1.3596651554107666,1.035169720649719,2.90402889251709,2.461432456970215,-0.6838216185569763,0.44258901476860046,4.608038902282715,0.9381533265113833,2.7596418857574463,3.448493242263794,0.822722315788269,2.208012819290161,9.460311889648438
197,0.3547843098640442,-1.0964183807373047,-1.2303086519241333,2.4014644622802734,-0.4924582540988924,-1.2254505157470703,1.9744304418563843,-0.6142110228538513,-1.438690423965454,2.029142379760742,-0.4767450988292694,2.4527459144592285,1.2945789098739624,-0.5574862360954285,2.265650987625122,0.4868026077747345,-0.10587599873542783,2.964123249053955,5.162306785583496,-0.5622621178627013,-1.3878719806671143,4.117410659790039,-0.37535589933395397,2.422802448272705,2.2067885398864746,-1.6354905366897579,-2.406564950942993,9.46030044555664
198,0.19178833067417145,1.8434572219848635,-0.16423870623111728,1.1728594303131106,1.422573208808899,1.3090952634811401,0.7790375351905823,1.8557337522506712,0.8018785715103148,0.2870882749557495,-0.46510586142539967,-0.1407582014799118,0.9821140170097351,-0.18181489408016205,-1.7716983556747437,0.3176073133945465,-0.7042924761772156,-0.5396109819412231,2.076190233230591,1.961535453796387,0.8249744772911072,2.438133478164673,-0.6267810463905337,-1.4493643045425415,1.924986958503723,1.7901303768157955,-0.48365548253059387,9.460204124450682
199,0.6495721340179443,-0.5846597552299501,2.992361545562744,0.9670727849006653,-0.6438007950782776,-2.5494909286499023,1.8146756887435915,-0.8478274941444398,-2.495603322982788,0.7738075852394104,-2.1104929447174094,2.11206316947937,1.0608394145965576,-2.0874929428100586,1.281766414642334,0.32649633288383484,-1.8794101476669314,2.5559535026550293,7.366957664489746,-0.737287640571594,-2.666271686553955,1.7096196413040163,-2.4408154487609823,1.8307026624679565,7.197955608367921,-1.520570278167724,-2.900430679321289,9.46032333374023
200,1.3195393085479736,0.3348645269870757,2.126561164855957,1.7815263271331785,0.22389861941337594,1.7292710542678833,2.6463046073913574,0.3579432368278503,1.8215636014938354,1.9122081995010378,-0.4289352893829346,2.9657633304595947,2.2138407230377197,-0.4688511788845062,2.8486599922180176,0.2448996901512146,-0.00492796814069149,2.7348947525024414,5.80789852142334,0.27728152275085455,1.8512681722640991,7.59748125076294,-0.396864801645279,3.0450475215911865,11.13296127319336,-0.13110829889774325,2.538632392883301,9.46028232574463
201,1.331926941871643,-1.4069229364395144,-2.046755075454712,0.36500442028045654,-1.1596730947494505,-1.4046757221221924,2.271839141845703,-1.2216253280639646,-2.1061856746673584,0.2654706537723541,-1.4352803230285645,1.9987282752990723,1.500952124595642,-1.0069454908370974,1.8934073448181152,1.8139091730117796,-1.5352569818496706,2.1259162425994873,6.770939826965332,-1.2157957553863525,-2.1446075439453125,3.6464798450469975,-1.3099331855773926,2.0045392513275146,5.725107669830322,-1.7907388210296624,-2.7133116722106934,9.460320472717285
202,3.70893120765686,2.117141962051389,-0.9389969110488892,4.157811641693115,2.003799676895142,-0.9380893707275391,2.774034023284912,1.9935905933380116,-1.0755640268325806,5.851831912994385,1.8282668590545654,-0.47463786602020264,2.2956273555755615,1.826151371002198,-0.584109365940094,1.3118630647659302,1.9500991106033314,-0.3176155388355255,18.108293533325195,2.017330408096313,-1.0248748064041138,11.567444801330566,1.8841565847396855,-0.4295414090156555,28.435483932495114,2.008545398712157,-0.7947232723236085,9.460287094116211
203,1.5212609767913818,0.42535269260406494,-2.737030506134033,0.8874260187149048,0.12448517978191377,-2.7362663745880127,0.798311173915863,0.28783270716667175,2.9409124851226807,1.2475820779800415,2.110285997390747,-2.174729585647583,2.435409307479858,1.8258999586105347,-2.3168506622314453,0.9969390630722047,1.5534316301345825,-2.3361332416534424,2.9601991176605225,0.33505329489707947,-2.9230494499206543,5.705699920654296,1.981301188468933,-2.3304460048675537,8.32694149017334,1.6688280105590811,-2.530327081680298,9.460352897644048
204,1.0865622758865356,-2.007030963897707,0.26618722081184387,1.5648771524429321,-1.7851926088333139,-0.05665351450443268,0.7402668595314025,-1.3012868165969849,0.34617817401885986,3.197874069213867,-1.9642778635025029,1.7006516456604004,0.5050361752510071,-1.380438446998596,1.8710517883300781,2.8534860610961914,-1.8631920814514167,1.8070148229599,5.550734996795654,-1.6695379018783574,0.19843591749668124,6.777868747711182,-1.8648228645324714,1.7655192613601685,8.776647567749023,-2.107263565063477,1.0808210372924805,9.460397720336914
205,0.9223849773406981,0.60715252161026,-3.0308868885040283,1.8740636110305784,0.3034086823463441,-2.4527082443237305,0.2907316982746124,0.07792178541421885,-1.6842882633209229,1.5293608903884888,1.276054978370667,-0.33377847075462336,1.2211101055145264,1.2242857217788696,-0.2763003706932068,0.38091221451759333,0.5919291973114014,0.18355321884155276,4.38301944732666,0.450351655483246,-2.638240098953247,4.616190433502197,1.0297976732254026,-0.2711100280284881,3.405188322067261,1.5524544715881343,-1.3912272453308105,9.46031379699707
206,0.6249100565910339,1.8366357088088998,2.322431802749634,0.7584089040756226,1.8350538015365596,2.480870485305786,2.704914093017578,1.3221622705459595,2.297830104827881,2.0061416625976562,0.7426952719688417,0.06794154644012451,0.19934342801570892,0.5444340109825134,-0.9375444650650024,1.506047487258911,0.4319896996021272,0.0550554245710373,4.683765411376953,1.6580963134765625,2.318474531173706,3.5475921630859375,0.6834890246391295,-0.013699940405786037,3.4052214622497563,2.1531524658203134,1.4641138315200806,9.460328102111813
207,0.7322635650634766,0.28367012739181513,-2.733351707458496,0.7646791934967041,0.532743513584137,-2.0025830268859863,0.6863942742347718,0.6081945300102232,-1.7574470043182373,1.8718918561935427,0.48762175440788263,2.103612184524536,2.1677892208099365,0.5417370796203611,2.0321204662323,2.470457077026367,0.3611842095851898,1.7662432193756104,3.1034665107727046,0.3090645372867584,-1.9617594480514526,6.965670108795167,0.5216777324676513,1.9737485647201538,8.01026439666748,0.6921649575233461,2.0717482566833496,9.46030044555664
208,0.3624305725097656,0.07914559543132782,3.0685791969299316,1.115877389907837,-0.15075464546680453,-2.2560811042785645,1.8341128826141357,-0.15092761814594274,-2.5622429847717285,0.49666792154312134,0.08230748027563099,-1.1445677280426025,1.485063433647156,0.1548034250736236,-0.8957507610321045,3.9405560493469243,0.4203089177608489,-1.037146806716919,5.021883487701416,-0.2612204849720003,-2.646615505218506,6.098813056945801,0.29714167118072504,-0.9827264547348022,9.175514221191406,0.11206415295600897,-2.0350496768951416,9.46030044555664
209,2.351383924484253,0.009125779382884489,-2.7995941638946533,1.1436806917190552,-0.3694855868816375,-2.79897141456604,2.764490842819214,0.1451573371887208,-2.570929527282715,0.523466169834137,-0.35285153985023504,-1.1694512367248535,0.24747677147388458,-1.1387286186218262,-1.7749965190887451,0.2709459066390991,-2.0151054859161355,-0.9601037502288818,7.176705837249756,0.04562248289585117,-2.7097854614257812,3.407798290252685,-0.9017797708511356,-1.0595979690551758,7.696685791015625,-0.4021497666835783,-2.2526638507843018,9.460309982299803
210,1.4418143033981323,-0.19948478043079376,2.5405337810516357,0.5546382069587708,0.007793056312948445,-3.0826799869537354,0.768216073513031,0.11862637847661976,2.730867862701416,0.32520830631256104,-1.9294371604919425,0.4624049067497254,0.2751281261444092,-2.035923480987551,1.7569100856781006,2.2190494537353516,-1.9301897287368772,0.9058584570884703,4.599047660827637,-0.3094871938228606,2.7843587398529053,2.5602965354919434,-2.053075790405274,0.9655702114105226,4.682505130767822,-1.6109621524810787,2.2256970405578613,9.46028518676758
211,1.267458438873291,1.4673283100128172,-2.6600394248962402,2.4923176765441895,1.5840181112289426,-2.435136556625366,1.745877742767334,1.3807672262191772,-2.2079813480377197,0.6340241432189941,1.5531154870986936,2.8537752628326416,0.8550526499748231,1.592143535614014,2.207897901535034,2.077219247817993,1.4322474002838128,2.696157693862915,6.924117565155029,1.5684763193130495,-2.3346047401428223,5.850327968597412,1.5198606252670288,2.431936502456665,9.303484916687012,1.8425242900848393,-3.013469696044922,9.460311889648443
212,0.6398125886917114,1.4952836036682127,2.1709036827087402,0.8077228665351868,1.7703014612197874,3.115950345993042,2.0671160221099854,1.7616724967956543,3.0529983043670654,1.037758708000183,0.07110073417425149,0.1574975550174713,0.4310473799705506,-0.17319053411483754,0.021261388435959816,0.45377910137176514,0.676559567451477,-0.6198270320892334,4.378722667694092,1.7436566352844234,3.0295486450195312,1.7759543657302859,-0.05119625851511959,-0.025943288579583165,2.6138124465942383,2.2325894832611075,2.9710867404937744,9.46029281616211
213,6.9280686378479,-0.37475907802581787,0.9452707767486572,0.4197861254215241,-0.3764809668064117,1.2615625858306885,0.43421524763107294,-0.5817387104034424,0.61626136302948,0.4620677232742309,-0.8329337239265443,2.4281225204467773,0.6608818769454956,-1.1345442533493042,2.0693280696868896,0.48006391525268555,-1.7734709978103638,-2.624136209487915,8.47678279876709,-0.3495162427425385,0.9282780885696411,2.8143749237060547,-1.3327456712722776,2.573472738265991,8.223196029663086,-0.7355198264122008,1.351064920425415,9.46030044555664
214,3.359687328338623,-1.305798649787903,0.8616311550140381,0.4566142559051513,-0.8686587810516356,1.0790352821350098,2.1519689559936523,-1.4001312255859377,1.1128474473953247,0.26802605390548706,-0.8503461480140686,2.639481782913208,0.591761589050293,-0.6409770846366881,2.2597787380218506,4.033846378326416,-0.6747971773147582,2.14644455909729,7.66593599319458,-1.2518537044525149,0.9803726673126221,7.296449184417724,-0.8064500689506531,2.1199333667755127,12.600196838378906,-1.1925543546676631,1.5343337059020996,9.460284233093256
215,1.818949103355408,1.310407876968384,-0.2748846709728241,0.4238387942314148,1.0862090587615967,-0.3538077175617218,0.5997715592384338,0.6459380984306335,-0.45327627658843994,1.8624686002731325,0.3048480451107024,2.0631067752838135,1.0962940454483032,0.4335104227066041,1.988782286643982,0.9193992018699646,0.2124394029378891,2.651176691055298,2.6955060958862305,1.2170809507369997,-0.2855237126350402,6.072739124298095,0.25350588560104376,2.2858920097351074,2.476370334625244,1.467218518257141,1.8265446424484253,9.46030044555664
216,3.7134873867034908,-1.4899295568466182,1.4913055896759033,2.7087149620056152,-1.65963613986969,1.3539295196533203,1.9238990545272825,-1.8378279209136972,1.6197130680084229,0.9731397032737731,-1.5617996454238896,0.15821044147014618,1.569612979888916,-1.3839849233627317,0.5701501369476318,3.110400676727295,-1.3465036153793337,0.4235873818397522,9.918904304504395,-1.6519186496734617,1.5065433979034424,7.546940803527833,-1.5124946832656858,0.45902523398399353,15.170918464660646,-1.7248481512069713,1.0610606670379639,9.460277557373034
217,5.241257190704346,-0.27295219898223866,-2.9354519844055176,0.5046661496162415,-0.008196520619094327,-3.0652499198913574,2.720027208328247,-0.01721755415201187,-2.8656716346740723,1.3171314001083374,-0.5862190127372742,-0.22077170014381406,0.4810373187065125,-0.34798854589462275,-1.1273592710494995,0.7237951159477235,0.03254560008645054,-0.999590814113617,9.074228286743164,-0.2084708213806152,-2.9372880458831787,2.407865285873413,-0.5295727252960205,-0.7178803086280823,5.6096158027648935,-0.3502525687217712,-1.8875823020935059,9.460300445556642
218,0.3947692811489105,-0.6179103255271912,1.5287636518478394,1.0684632062911987,-0.2782801687717439,2.556389331817627,0.38112735748291016,-0.25089368224143976,-2.9531188011169434,1.7018159627914429,0.09932023286819457,-1.626904845237732,2.0334560871124268,0.4060140550136566,-2.078143835067749,1.0961172580718994,0.46823844313621515,-2.148289918899536,3.253378868103027,-0.2201313823461532,2.3441174030303955,7.430785655975342,0.3193600177764892,-1.9604077339172363,3.23393726348877,0.3349893987178801,-1.9906384944915771,9.460300445556639
219,4.825848579406737,-1.231273174285889,-2.090759515762329,0.3622649013996124,-0.9607269167900084,-2.287689447402954,0.16800132393836975,-1.3930988311767578,-1.7164865732192993,0.5047209858894348,-1.0475559234619143,1.8567918539047241,0.7640131711959839,-1.4211072921752932,0.8583244085311889,0.8590043783187866,-0.5058580636978149,0.7619323134422302,6.790597438812256,-1.243989109992981,-2.1888604164123535,2.7358665466308594,-1.2474020719528198,1.012776255607605,4.062979221343994,-2.0280406475067148,-2.229278802871704,9.460294723510742
220,0.9340132474899292,-1.2336248159408572,-0.8869518041610718,0.45705419778823847,-1.4647644758224494,-1.4033496379852295,2.6999661922454834,-1.5148143768310554,-0.5957433581352234,0.49023047089576727,-0.7497566938400269,3.096332550048828,1.5073176622390747,-1.088777780532837,2.5898752212524414,0.3108038008213043,-0.555377721786499,-2.954751968383789,4.482673645019531,-1.5377998352050781,-0.6578212976455688,4.1778564453125,-1.198069214820862,2.669118881225586,0.8569998741149903,-3.635766744613611,-1.7739351987838745,9.460301399230957
221,0.784886658191681,-0.31685033440589894,-0.9245672821998596,0.7944857478141785,-0.10646661370992662,-0.9144119024276733,0.615310549736023,0.6178438663482665,-1.1330251693725586,7.0386962890625,-0.21943511068820953,-2.2005937099456787,2.540327548980713,-0.23779900372028348,-2.1721067428588867,2.9158487319946294,-0.02486173436045644,-2.211369514465332,3.348052740097046,-0.17920759320259097,-0.7856229543685913,12.666282653808596,-0.16634008288383478,-2.193253517150879,9.266501426696777,-0.3053305745124817,-2.2210805416107178,9.46030044555664
222,3.1213665008544926,-0.7162770628929138,2.7374019622802734,0.7065737843513489,-0.39769694209098805,3.048832893371582,1.3226220607757568,-0.512440264225006,2.958770751953125,0.601136326789856,-0.7932029962539673,0.12621738016605377,1.3574957847595215,-0.016270589083433186,-0.0707555189728737,1.1570334434509277,-0.5262399911880492,0.042024951428174966,5.654808521270752,-0.5704905390739441,2.793459177017212,3.516479253768921,-0.5313020348548889,0.06851814687252045,2.8239705562591553,-1.397303819656372,2.265300989151001,9.460295677185057
223,1.756714701652527,0.14007364213466642,1.1366357803344727,0.6853873133659363,0.579277753829956,1.6500558853149414,1.1196832656860352,-0.10297235846519465,1.0051878690719604,0.3975662291049957,0.0868121311068535,-1.5625288486480713,3.293157339096069,0.185566782951355,-1.5754897594451904,0.5657035708427429,0.2361352741718292,-2.027219295501709,3.8652083873748775,0.18173396587371826,1.2964427471160889,4.956365585327148,0.28912669420242315,-1.7461203336715698,1.174028992652893,1.3693637847900393,-1.414581298828125,9.460257530212402
224,0.570216953754425,-2.4906542301177987,0.5567190647125244,0.6473995447158813,-2.299784421920777,1.2393574714660645,0.24177423119544983,-2.09091353416443,2.7390058040618896,0.5033375024795532,-0.9870210886001588,-2.4823861122131348,1.9362181425094604,-0.4000864624977112,-2.4393606185913086,0.4295649230480194,-0.10829041898250578,3.0640034675598145,3.072148084640503,-2.2397880554199214,1.1165145635604858,3.1728227138519287,-0.5903837084770202,-2.417842388153076,1.2225269079208374,-3.2814955711364666,2.5717837810516357,9.460371971130375
225,0.993671715259552,-1.20016348361969,-1.8623353242874146,6.097925662994385,-1.4137470722198482,-1.8922829627990723,1.4756770133972168,-1.5742226839065556,-1.8264905214309692,2.187088966369629,-1.5594124794006348,-2.8914413452148438,1.0591869354248047,-1.6323039531707766,-2.807006359100342,2.2494547367095947,-1.441190719604492,3.0866034030914307,10.028099060058594,-1.4004243612289424,-1.8496053218841553,5.75793743133545,-1.5955822467803953,-3.054929256439209,13.228337287902832,-1.6372966766357417,-2.2682530879974365,9.460297584533691
226,0.5364245772361755,0.1938753724098205,1.122599482536316,0.7873008251190184,0.37409475445747387,0.8493933081626893,0.7929796576499939,0.5418521761894226,-0.09881259500980377,1.1917874813079834,1.3045630455017092,-2.067326307296753,2.51328706741333,1.3271964788436894,-2.089689016342163,0.482603371143341,1.1963621377944949,-1.5716462135314941,2.8602774143218994,0.1908493787050247,0.5835309028625488,4.713965892791748,1.4238649606704714,-1.917008638381958,2.9647796154022212,1.9079815149307233,-1.3020066022872925,9.460291862487793
227,0.6019119024276733,-0.8423398137092591,0.21894007921218875,1.3935705423355103,-0.1607947051525115,0.8113385438919067,0.8221961855888367,-0.35013815760612493,0.9278973340988159,1.6778452396392822,-0.30734416842460627,2.507143497467041,2.230142593383789,-0.5548448562622071,2.7408149242401123,1.4327396154403687,-0.5300261974334717,2.905550956726074,3.147693634033203,-0.5606304407119751,0.630564272403717,8.156041145324707,-0.39334344863891596,2.654524087905884,7.34502124786377,-0.6536230444908142,2.2589986324310303,9.460308074951172
228,1.4715864658355713,-0.39323467016220087,-2.690075159072876,3.3998675346374516,-0.48904442787170416,-2.9675164222717285,0.40451061725616455,-0.3973509967327117,-2.317312479019165,7.442159175872802,0.17401622235775002,-2.8808021545410156,11.506305694580076,0.22192902863025665,-2.9151179790496826,7.563474655151367,0.2053237855434417,-2.8185055255889893,6.23861837387085,-0.4262325167655945,-2.918240547180176,27.088726043701172,0.20410844683647156,-2.8709893226623535,33.32168197631836,0.08474286645650861,-2.8798327445983887,9.460298538207995
229,1.156826376914978,-1.7698016166687012,-0.8124632239341737,1.8631404638290405,-1.3495969772338865,-0.9763357043266296,1.4271221160888672,-1.2499499320983884,-1.0219597816467285,0.5219249725341797,-1.8349843025207526,2.5442583560943604,0.561795473098755,-1.1439291238784786,3.012969970703125,1.1777660846710205,-1.14513897895813,1.9063189029693604,5.943720817565918,-1.576819896697998,-0.9880746603012085,3.1709740161895756,-1.3356294631958003,2.474177598953247,3.099921464920044,-2.532349348068235,-1.3163566589355469,9.460316658020023
230,0.5309956669807434,-0.2625097930431366,1.3600165843963623,2.448444128036499,0.013344206847250455,0.8059449791908263,0.4964011907577515,-0.27694389224052435,1.4584296941757202,0.9901748895645142,0.03235613927245141,2.8498075008392334,4.621423244476318,0.12051821500062948,3.1070094108581543,1.4483020305633545,0.053950387984514195,2.8330957889556885,3.4219782352447514,-0.14010994136333463,1.0464619398117065,8.033027648925781,0.1126342639327049,2.950573444366455,6.168570518493652,-0.19255107641220098,2.192873239517212,9.46030044555664
231,3.1846530437469482,1.406633496284485,2.5669875144958496,0.33324509859085083,0.8641700148582457,2.5708165168762207,1.6663174629211426,1.2810459136962886,2.560690402984619,1.649282097816467,1.2611043453216553,-1.4906576871871948,0.4448445737361908,1.7516506910324092,-1.1362453699111938,0.9211796522140502,1.566224336624146,-2.016507148742676,5.827220916748047,1.279819369316101,2.5309793949127197,4.217916488647461,1.3244476318359373,-1.5898361206054688,4.932929039001465,1.952880263328553,-2.963063955307007,9.460316658020016
232,4.721263885498047,0.9839916229248045,0.8867756128311157,1.7578872442245483,0.9080494642257692,1.137711524963379,1.3898065090179443,0.761332929134369,0.9528787136077881,1.0448545217514038,0.7844590544700623,1.8994553089141846,2.3667478561401367,1.3067251443862915,1.6083112955093384,3.2970464229583736,1.3463096618652342,1.7403634786605835,12.213079452514648,0.8894056677818297,0.9070997834205626,8.268938064575195,1.269675850868225,1.7126396894454956,18.906333923339844,1.1206235885620115,1.2280080318450928,9.460310935974109
233,5.476252555847169,-1.4951688051223757,1.100149154663086,2.5851428508758545,-1.6613645553588867,1.158568263053894,1.6714075803756714,-1.4441901445388794,1.2901999950408936,0.9081082344055176,-1.9834854602813714,0.5640046000480652,2.486170768737793,-2.064252376556396,0.27808350324630743,1.3745777606964111,-1.9170900583267199,0.5174670219421387,11.523332595825195,-1.5545132160186768,1.1024610996246338,7.262079715728761,-2.166608810424802,0.35620051622390747,17.56163787841797,-1.898917198181153,0.817898690700531,9.460350036621069
234,3.011148691177368,-0.7508099675178528,-1.8782258033752441,0.9137222766876221,-0.7824594378471375,-2.1877799034118652,0.29308125376701355,-0.9277397394180297,-2.504021167755127,1.8605921268463137,-0.5130114555358886,-0.1062478870153427,1.7328184843063354,-0.4549449384212495,0.40024450421333313,0.9752209782600402,-0.417028546333313,0.4049800932407379,4.392484188079835,-0.7202923297882078,-1.975919485092163,5.608719825744629,-0.5916274189949037,0.17733269929885867,4.862926483154297,-1.1559939384460447,-0.6772924065589905,9.460308074951172
235,0.5052363872528076,-0.8424255251884459,2.996140718460083,3.8537163734436035,-0.5463719367980958,2.5758700370788574,2.808068513870239,-0.7196960449218752,2.689592123031616,3.6223568916320805,-0.49285736680030817,1.4105545282363892,1.1654918193817139,-0.5276530981063844,1.1755588054656982,0.6604296565055847,-0.5858892202377319,1.8238402605056763,9.788488388061523,-0.6573395729064939,2.715113401412964,5.515209197998047,-0.5592268109321594,1.453452467918396,12.612716674804688,-0.7367011308670045,2.285471200942993,9.460317611694332
236,1.6173483133316042,2.1473469734191877,3.012781858444214,0.5158680081367493,1.865839958190918,-2.569016933441162,0.3795762360095978,1.988858819007874,-2.4402735233306885,0.9859028458595277,1.9289788007736204,0.19043050706386563,1.5580437183380127,1.882333636283875,0.19691841304302218,0.5312924981117249,1.1341370344161985,-0.12399816513061523,5.293230056762695,2.2553362846374516,-3.0295498371124268,3.274784088134765,1.7540886402130131,0.15063861012458804,5.1394715309143075,2.877510547637944,2.6078290939331055,9.46030044555664
237,0.32383498549461365,1.9519848823547352,0.19321717321872714,0.9630731344223021,1.305898427963257,1.0164066553115845,1.2711477279663086,1.6543327569961543,1.051594853401184,0.9177674055099486,-0.014655288308858913,0.37300580739974976,1.314107060432434,-0.21077665686607358,0.23994044959545138,1.3564234972000124,-0.09923671185970298,-0.24853880703449246,2.8520410060882573,1.6694495677947998,0.7208622694015503,6.082287788391113,-0.12728182971477514,0.2417938411235809,8.713010787963867,0.6923651695251465,0.3932565450668335,9.460285186767576
238,1.3786556720733643,-0.3154021203517913,-2.442249298095703,0.7493154406547546,0.223070278763771,-2.4081246852874756,0.7151104211807251,0.3422650992870331,-2.3350670337677,1.0237458944320679,1.1405695676803589,-1.2335819005966187,2.6077103614807124,1.1108615398406982,-1.3734511137008667,2.61376953125,1.329626441001892,-1.5728312730789185,5.057070255279541,0.12550783157348633,-2.244718551635742,7.792125225067139,1.1622546911239624,-1.3841134309768677,9.872514724731445,0.7311388850212096,-1.4252790212631226,9.460300445556642
239,1.8877458572387698,-1.2005829811096191,-2.7300095558166504,0.7107310295104979,-1.2120910882949831,-2.5692532062530518,3.554421186447144,-1.183349132537842,-2.4388818740844727,1.0010061264038086,-1.1069271564483643,-1.2396419048309326,0.27317291498184204,-1.0036600828170776,-0.5296065807342528,0.9098066687583923,-1.6151658296585085,-0.8043673634529114,10.622359275817871,-1.1759276390075684,-2.4443628787994385,2.867274522781372,-1.3142296075820923,-0.6999981999397277,10.513608932495117,-1.422122120857239,-2.1723999977111816,9.460298538208002
240,1.7105612754821777,2.029873132705688,-1.2920066118240356,0.6520370841026306,2.4999344348907493,-1.002597451210022,1.6686511039733887,2.4126455783843967,-0.9819425940513611,0.8530208468437195,0.7318094372749328,-0.3250359892845154,0.2686290144920349,0.7096335291862488,-1.0726044178009033,0.8887677788734437,0.05284807831048965,-0.5643864274024963,5.977583885192871,2.180983304977417,-1.0638097524642944,3.8942501544952393,0.6834540367126463,-0.7077475190162659,9.72280502319336,1.813016533851623,-0.9237337708473206,9.460005760192859
241,2.3113858699798584,0.864217102527618,1.497573733329773,2.05751633644104,0.6873186826705933,1.5880759954452515,1.291253924369812,0.7057991027832031,1.1047548055648804,2.21852707862854,0.9733271598815918,2.4726462364196777,2.351226329803467,0.9091529250144958,2.5302011966705322,2.464198112487793,0.6776599287986755,2.4278759956359863,6.41251802444458,0.772049307823181,1.3698437213897705,11.863651275634764,0.8049170970916748,2.4126651287078857,16.078506469726562,0.8810786604881284,2.060940980911255,9.460511207580561
242,1.7483153343200686,1.8479890823364253,1.1002353429794312,1.041472315788269,1.6595780849456783,0.9519374966621399,3.0309460163116455,1.6554038524627688,1.3449887037277222,0.27067446708679205,-0.9639192819595338,1.4160962104797363,0.3123489022254944,-0.607182264328003,2.316711664199829,0.3573133051395416,0.7093559503555297,-0.8272685408592225,6.661888599395753,1.6875354051589961,1.1482384204864502,0.341027021408081,-0.8376588225364686,-2.7535440921783447,6.419047355651856,1.7048752307891846,1.184854507446289,9.460181236267093
243,1.1922527551651,0.027267752215266196,-1.135669231414795,0.862844228744507,-0.2490496188402176,-1.2061450481414795,0.45820710062980646,0.5743876099586488,-1.7879201173782349,0.23089371621608734,1.2067849636077883,-1.898043155670166,1.674735188484192,1.3314056396484373,-2.3451149463653564,2.0317158699035645,1.2025688886642456,-2.8228759765625,5.01649808883667,0.23338994383811956,-1.271193504333496,5.953017234802246,1.2871859073638918,-2.477799654006958,9.048637390136719,1.035917043685913,-1.9332517385482788,9.46032428741455
244,4.656364440917969,1.0774065256118772,1.2195621728897095,3.0146682262420654,1.2186833620071411,1.1839148998260498,1.898825764656067,1.3222520351409912,1.1635122299194336,0.2640840709209442,1.2284395694732664,0.3581780791282654,0.5541060566902161,-0.17594914138317105,-0.1809295266866684,1.6295474767684937,0.8330549597740171,-0.7169080972671508,9.966386795043945,1.2109992504119873,1.2081050872802734,2.6934049129486084,0.660287082195282,-0.4407137036323547,10.119227409362791,1.2983670234680174,0.9395305514335632,9.459914207458493
245,3.052713632583618,-0.5597304105758667,0.3607144057750702,2.139840841293335,-0.660532534122467,0.4243830144405365,3.662137031555176,-0.683013379573822,0.19722743332386017,10.691023826599121,-1.0689128637313843,0.5570655465126038,3.440995931625366,-1.047193169593811,0.4565238654613495,0.6483368873596191,-1.1543760299682615,0.7459840774536133,16.882036209106445,-0.5859739780426027,0.32817330956459045,16.584501266479492,-1.0696666240692139,0.5153151750564575,33.32014846801758,-0.848527789115906,0.42090991139411926,9.460175514221216
246,3.3855369091033936,-1.5417416095733636,-2.5876624584198,1.8740185499191284,-1.84398603439331,-2.541205406188965,2.424448013305664,-1.5309749841690066,-2.551323413848877,1.191108226776123,-0.7337977886199952,-0.957547128200531,1.1401418447494507,-1.153664827346802,-1.8472541570663452,0.4757470488548278,-1.291264533996582,-1.7047561407089233,12.75780963897705,-1.6326773166656487,-2.499241352081299,3.9220528602600098,-1.13293731212616,-1.4054838418960571,9.392460823059082,-2.0366406440734863,-2.4769577980041504,9.460300445556653
247,0.2813751995563507,0.5288025736808777,-0.30542305111885065,1.1235835552215576,0.561608910560608,1.3535239696502686,0.9031274914741517,0.277570515871048,1.062635898590088,0.6858407258987427,1.018472671508789,-2.101353645324707,1.063984990119934,0.43366402387619013,-2.194220542907715,0.6052979230880737,0.9969438314437866,-2.6765525341033936,4.209770679473877,0.4481757581233979,1.0787534713745117,4.678659439086914,0.7880465388298032,-2.5430355072021484,2.1621615886688232,1.7496616840362555,2.6216816902160645,9.460299491882326
248,0.66057550907135,-0.9151311516761783,-2.908851385116577,1.0019210577011108,-0.5611534714698793,2.676018714904785,1.8541839122772217,-0.7509955167770387,-2.902874708175659,1.1448827981948853,-1.206355571746826,0.44703012704849243,1.0411686897277832,-0.9031504988670349,0.6543964147567749,0.595575749874115,-1.5038768053054812,0.1935461163520813,5.211246490478516,-0.7829441428184509,3.0668323040008545,3.4660422801971436,-1.4316239356994627,0.35492169857025146,2.5158586502075195,-2.2117640972137433,2.4555532932281494,9.460377693176271
249,3.124443292617798,0.14745636284351352,-2.068533182144165,0.5561100840568544,-0.006359747610986203,-2.7239038944244385,0.4546337127685547,0.11406716704368589,-2.6085031032562256,0.48777157068252563,0.06798461824655526,1.468764066696167,0.254080206155777,-0.46173843741416937,1.4555613994598389,0.5442792773246765,-0.4453697502613067,0.43289270997047424,5.414024829864502,0.2354027181863784,-2.169123888015747,3.5286490917205815,0.1324071735143661,1.0978597402572632,1.9633190631866455,0.8042703270912169,-2.395834445953369,9.460306167602539
250,0.5240963697433473,-2.2309644222259504,-3.030137538909912,1.618041753768921,-1.6105223894119267,-2.587867259979248,1.3751157522201538,-1.394615411758423,-2.6022541522979736,0.758533775806427,-0.5429243445396422,2.8513925075531006,0.39363616704940796,-0.6251590847969056,2.21403169631958,1.9088275432586668,0.010226296260952929,2.88280987739563,5.4020795822143555,-1.7116659879684455,-2.7794060707092285,4.2292866706848145,-0.21927466988563543,2.817392110824585,9.078292846679688,-1.2993036508560187,-3.079115152359009,9.46026706695557
251,1.0939465761184692,-1.2654136419296265,-2.4664294719696045,2.9647150039672856,-1.4512747526168828,-2.3884668350219727,2.385773181915283,-1.5178090333938594,-2.172708511352539,6.842646121978759,-1.2579932212829594,-1.5065785646438599,3.5899608135223384,-1.2676552534103396,-1.496411681175232,3.2692677974700928,-1.2013124227523804,-1.6930975914001465,10.874197006225586,-1.3817626237869263,-2.274392604827881,14.092785835266112,-1.2624757289886475,-1.5616487264633179,23.425205230712887,-1.371567249298096,-1.8700671195983887,9.460340499877905
252,0.6884260177612305,0.6130403280258178,-1.1890166997909546,0.4927596151828766,1.2984213829040527,-0.7971766591072084,1.098764419555664,1.1685072183609009,-0.9510570764541627,3.008210182189942,-0.36344414949417103,1.3542444705963135,0.7143421769142151,-0.549662470817566,1.6577430963516235,0.45341515541076655,-0.07469442486763006,1.0426338911056519,3.077294826507569,0.8782268762588502,-1.144752025604248,4.941612243652344,-0.29787731170654297,1.2736303806304932,3.3299636840820312,0.455489069223404,0.615574836730957,9.460396766662598
253,8.402344703674316,1.094632267951965,2.20479154586792,1.9783354997634888,1.1729539632797241,2.0389575958251953,0.725527286529541,1.2851305007934568,2.044318437576294,2.0462656021118164,0.7231576442718507,2.7007789611816406,0.2111785858869553,0.21938762068748466,3.0990512371063232,2.6969575881958012,0.7908190488815305,2.584352970123291,20.16056251525879,1.0871376991271977,2.176692247390747,11.946742057800293,0.7339102625846863,2.6099846363067627,31.40642738342285,0.9826457500457763,2.3370909690856934,9.460290908813477
254,7.350395679473877,-0.9842936992645263,-2.7100143432617188,1.0549880266189575,-0.8505720496177673,-2.5356509685516357,0.6163387894630432,-0.939061641693115,-2.8568806648254395,0.3970393538475036,-0.831807315349579,0.16761751472949982,0.7149308919906615,-1.540898203849793,-0.9914054870605469,0.36727228760719305,-0.939275562763214,-2.427802324295044,15.91101932525635,-0.9226436018943787,-2.6560957431793213,1.6482014656066897,-1.3225899934768677,-0.9845225214958191,15.830362319946287,-1.0451797246932981,-2.552321434020996,9.460319519042963
255,1.685760259628296,0.9322174191474917,-2.9672889709472656,0.4158318340778351,1.0656142234802244,-2.938650608062744,1.6374891996383667,1.0789644718170166,-2.562378168106079,1.002255916595459,1.2652829885482788,-0.8091881275177002,1.5481815338134766,1.400210976600647,-1.5345007181167603,0.7058687806129457,1.575992941856384,-1.5993043184280396,10.06967544555664,1.020739555358887,-2.9032697677612305,3.106119871139526,1.4915921688079834,-1.24760103225708,10.283164978027344,1.3599230051040647,-2.5975587368011475,9.460287094116206
256,3.4910001754760738,0.30816951394081105,-1.4422653913497925,3.1287913322448726,0.37309941649436945,-1.4293025732040405,8.076506614685059,0.19795747101306918,-1.4284446239471436,0.7287905812263489,-0.5731376409530639,-1.392231822013855,0.6326480507850647,0.003955880645662593,-2.4096813201904297,0.32128867506980896,-1.4798138141632087,-2.1306395530700684,17.11959457397461,0.28696650266647333,-1.44892418384552,2.2295260429382324,-0.8960593938827517,-1.852068305015564,19.190326690673828,0.14046193659305575,-1.4945186376571655,9.460347175598148
257,0.6724163889884949,1.3602789640426636,1.770378828048706,5.3796257972717285,1.0562802553176878,1.5911668539047241,0.40665972232818604,1.1517654657363894,2.07677960395813,1.2889909744262698,0.5135689377784729,0.2831268310546875,4.352131366729735,0.4876441061496736,0.37144717574119573,0.4671078324317932,0.23833897709846488,0.5240222811698914,6.940843105316162,1.1403676271438599,1.5922694206237793,6.840002059936523,0.49542492628097534,0.4461955726146698,13.312943458557129,1.0089353322982788,0.9582768082618714,9.46030044555664
258,3.859037160873413,0.40484651923179643,-0.2502041459083557,2.2997193336486816,0.5861204266548158,-0.5012822151184082,2.7511448860168457,0.5407423973083494,-0.3205500841140747,1.6292669773101807,-0.3627949357032775,-0.518462598323822,0.39423415064811707,-0.12154921889305118,-0.07567735761404036,5.191066265106201,-0.13599313795566556,-0.38704028725624084,9.848069190979004,0.5292418599128722,-0.3669564127922058,13.856450080871582,-0.2001876682043076,-0.44507566094398493,23.686956405639652,0.11232758313417436,-0.41262421011924744,9.46064949035644
259,0.42185637354850775,0.742131233215332,-1.1154446601867676,0.9761468172073363,0.6587532758712767,-2.155404806137085,0.265210896730423,-0.9268949031829836,-1.3544785976409912,1.0333566665649414,0.07610014826059337,1.1209723949432373,0.43453988432884216,-0.2176247090101242,0.869871497154236,1.9616316556930544,-0.38886725902557373,1.1373114585876465,2.3532464504241943,0.5149311423301698,-1.8797746896743774,7.2980260848999015,-0.0710788220167159,1.045300841331482,5.025218486785889,0.14807918667793274,0.9445285201072694,9.46027660369873
260,2.7779917716979976,-2.4988069534301722,-0.7316471934318544,1.582376718521118,-2.3558480739593497,-0.7042531967163086,0.5374738574028015,-2.2849566936492915,-0.13889124989509583,0.8792344927787781,-1.4908554553985602,2.981961727142334,0.6623408794403076,-1.6454873085021968,2.685931921005249,0.4734900593757629,-2.3819978237152126,2.386420726776123,4.96617317199707,-2.4688525199890146,-0.7187322974205018,3.2134575843811035,-1.6371458768844596,2.9314427375793457,2.6667556762695312,-3.3260881900787287,-1.3457905054092407,9.460284233093274
261,2.833563804626465,0.6236252784729006,1.1277824640274048,0.34912121295928955,0.06693600863218312,1.1879363059997559,1.3204060792922976,0.4468773305416106,1.397638201713562,0.29517295956611633,0.9709090590476989,-1.6964846849441528,0.9888060688972473,0.31772431731224055,-1.277622103691101,2.5963523387908936,0.23176887631416318,-1.6327306032180786,4.5128092765808105,0.5714794993400575,1.2647405862808228,4.241961479187012,0.3294376730918885,-1.6589820384979248,0.989163875579834,2.139780521392822,0.07854928076267241,9.460318565368652
262,1.5174441337585451,1.0558564662933347,0.08475279062986373,0.9205856919288634,1.7139880657196047,-0.10920512676239015,2.606278419494629,1.3186281919479372,-0.12339114397764205,2.3112149238586426,2.463108301162722,-0.472838282585144,0.7205616235733031,1.9602423906326303,-0.18462099134922028,0.7274573445320129,1.9361536502838135,-0.549447774887085,6.8815579414367685,1.259902477264404,-0.048352085053920746,7.060566902160645,2.3501019477844243,-0.49200549721717834,13.600561141967772,1.9704589843750009,-0.27307456731796265,9.460269927978516
263,0.6813865303993226,-1.4214247465133665,-3.1283652782440186,1.0394014120101929,-2.0377514362335223,2.4499223232269287,0.34881919622421265,-1.7220776081085214,2.756817579269409,9.643853187561035,-1.553754329681396,1.7303941249847412,1.8602789640426634,-1.635715961456299,1.6684157848358154,12.842860221862791,-1.6130238771438594,1.7163833379745483,4.27811336517334,-1.6826109886169436,2.531789541244507,24.51199340820312,-1.597673773765564,1.7212944030761719,27.634641647338867,-1.6486561298370361,1.8337106704711914,9.46029853820796
264,6.039050102233886,1.654252052307128,0.8193143606185913,1.227018117904663,1.6462970972061157,0.5783944725990295,3.3693363666534424,1.6662869453430176,0.8275517225265503,0.42032200098037714,0.6463564634323119,-3.1199660301208496,0.7748668789863586,1.606449246406555,2.354434013366699,0.6222790479660034,1.6192877292633057,2.208050012588501,12.770287513732912,1.7012023925781254,0.7594496607780458,1.8252999782562258,1.4153878688812256,2.4784939289093018,7.882857799530029,2.0266799926757812,1.06486976146698,9.460300445556646
265,0.3550556004047394,-0.02955186367034909,-2.5153448581695557,0.8397621512413026,0.5014339685440063,-1.853705883026123,1.5914216041564944,0.2460502088069915,-1.6277419328689575,1.8579030036926267,-0.5642445683479309,2.7728185653686523,0.6651690006256104,-1.142773151397705,2.5437002182006836,1.5457278490066528,-0.6134634017944335,-3.1270928382873535,4.192956924438477,0.20183445513248438,-1.9930402040481567,6.996744632720946,-0.6819710731506347,2.8519866466522217,8.619450569152832,-0.48000493645668035,-2.9280571937561035,9.460294723510742
266,0.3176942467689514,-0.7960087060928346,-1.4690866470336914,0.5457515120506287,-0.5233280062675476,0.21037501096725467,0.2655053734779358,-0.4906892776489257,0.17902736365795135,0.36755806207656855,1.442819118499756,-0.1338123679161072,5.6475958824157715,1.368232250213623,0.5111035108566284,0.5040738582611084,1.1298346519470215,0.72349613904953,2.1450271606445312,-0.2796679139137269,-0.6335253715515137,6.550150871276855,1.3955336809158323,0.47410914301872253,4.190215587615966,1.492907166481018,0.07428664714097977,9.46030044555664
267,2.458101272583008,1.131709456443787,-0.4528593420982361,0.5255401134490967,1.4461276531219482,-0.03348775580525398,1.6391741037368774,1.5287158489227297,0.026748348027467728,0.7892428040504456,1.084997534751892,1.6734377145767212,1.2243238687515259,1.0869296789169314,1.3476659059524536,3.816108703613281,1.107284069061279,1.2666977643966675,6.22736930847168,1.375665307044983,-0.252072274684906,6.3451104164123535,1.152030348777771,1.2650097608566284,9.125972747802734,1.55194890499115,0.5153434872627258,9.459801673889165
268,1.8146599531173706,2.0708816051483145,-1.9950875043869019,0.8183015584945679,1.9245352745056141,-1.415654182434082,0.5431146025657654,2.3487901687622066,-2.1635162830352783,2.068713426589966,1.1162987947463991,-0.06549536436796188,0.9194398522377014,1.2728559970855713,-0.38427266478538513,1.0323493480682373,0.9296910166740414,0.3987748622894287,4.471765995025635,1.9837982654571533,-1.954985499382019,5.217698097229004,1.1459089517593384,-0.13133756816387177,10.974625587463379,1.6678477525711062,-1.2007572650909424,9.460300445556646
269,1.4777354001998901,1.2726067304611206,-2.0923924446105957,0.8252453207969666,1.831110000610352,-1.7796823978424072,0.17151151597499847,1.7366242408752444,-2.1154651641845703,0.6953415870666505,0.7001485824584959,1.3546946048736572,0.3533683717250824,0.4414367973804473,2.418545961380005,0.8588255047798156,0.6110968589782716,2.156533718109131,4.949931621551514,1.4931424856185918,-2.225313186645508,3.1978569030761714,0.5164368748664856,1.5984972715377808,3.065590620040894,2.184571504592896,-2.6817057132720947,9.460300445556637
270,0.627826452255249,-0.8431772589683535,-1.1267191171646118,0.7418671250343323,-0.6880441904067994,-0.907798707485199,6.4028048515319815,-0.788637638092041,-0.7857651710510254,32.241092681884766,-0.859706938266754,-0.48072880506515503,9.941252708435059,-0.8819675445556641,-0.45661684870719904,3.462708950042725,-0.8110387325286863,-0.46657371520996094,7.958749771118164,-0.7992766499519347,-0.8585517406463623,53.725387573242195,-0.8607420921325682,-0.48477801680564875,61.20366287231445,-0.8583824634552001,-0.5322765111923218,9.460366249084425
271,0.7475147843360901,-1.3645730018615725,-2.961437225341797,1.6192157268524172,-0.7209329605102538,-3.128390312194824,0.9480105042457581,-1.3148798942565916,-3.004688024520874,0.5424444079399109,-2.313795566558837,-0.6209113597869873,1.411451816558838,-1.6748476028442376,-0.7454702258110047,1.5161223411560056,-1.461294770240784,-0.8434081673622131,4.416799068450928,-1.237511157989502,-3.031580686569214,4.697759628295898,-1.880804896354675,-0.8097456097602844,4.05322790145874,-2.393922805786133,-1.8585070371627808,9.460168838500982
272,1.7933143377304077,-2.2832281589508026,-0.5486053228378296,1.3486937284469604,-2.4551639556884757,-1.0682399272918701,1.1104685068130493,-2.3305861949920637,-0.5114172101020813,0.7571455836296082,-1.2199789285659792,-2.910245895385742,1.0279892683029175,-1.1694530248641963,2.958890676498413,0.38930270075798035,-1.907407522201538,2.179966926574707,5.786283493041992,-2.275004386901855,-0.7263268828392029,2.495600461959839,-1.4483499526977541,2.7178006172180176,3.4842822551727295,-2.9400775432586745,-0.9413793683052063,9.460330963134778
273,0.6778236627578735,0.3630432188510894,0.5713961720466614,2.490797519683838,0.5595323443412781,1.175486445426941,1.5673552751541138,0.3101255893707276,1.0869642496109009,1.9092648029327395,0.0793702080845833,-0.6119619011878966,2.0347559452056885,0.27006006240844727,-0.8938944935798646,1.6280268430709839,0.27104482054710377,-0.5094039440155029,5.55042028427124,0.4574852883815766,0.966417670249939,6.201359748840332,0.13489815592765808,-0.668550431728363,5.190299987792969,0.4733065366744995,-0.1811203956604004,9.46030044555664
274,1.0534478425979614,0.8028303980827332,0.2829519808292389,0.2670801877975464,0.33746659755706776,-0.8117655515670776,0.3221275210380554,0.9918701648712158,1.2351858615875244,4.692371368408203,2.181444406509399,2.362614154815674,0.5399399995803833,1.9805761575698855,2.5771710872650146,1.9607820510864258,2.1664059162139906,2.5912795066833496,1.3761564493179321,1.3844822645187378,0.34957313537597656,8.621394157409668,2.172433853149415,2.5113935470581055,7.937272071838379,2.3184483051300018,2.366922616958618,9.460330009460437
275,0.5954284071922302,0.04496853426098823,1.3626021146774292,1.0312697887420654,0.7596226334571838,1.912471890449524,2.1609156131744385,0.5294700860977172,2.0105087757110596,1.5979052782058716,0.21170790493488303,-0.8312962651252748,0.8114179372787476,0.08757066726684563,-1.1850382089614868,1.3524850606918335,0.6238429546356201,-1.0993101596832275,4.095776557922363,0.6413851380348203,1.9148497581481934,4.697207450866699,0.48499470949172985,-1.054947018623352,0.9633961915969849,2.3836493492126465,-0.24131815135478973,9.460314750671387
276,0.29311642050743103,1.7564272880554201,1.3677606582641602,1.1281758546829224,2.0674326419830327,1.9594404697418213,1.0661653280258179,1.9159606695175178,2.069796562194824,1.2173751592636108,2.0077161788940447,-2.5113017559051514,1.8621281385421753,2.078875303268433,-2.486333131790161,1.1207797527313232,2.4753510951995845,-2.7342936992645264,2.2371792793273926,2.2194375991821302,1.853817105293274,11.180821418762209,2.1357545852661115,-2.493769645690918,10.590933799743652,2.3817052841186506,-2.6924080848693848,9.460315704345728
277,0.37398537993431086,-0.21796746551990512,3.020083427429199,0.6458141207695007,-0.7432689070701599,-1.492680311203003,0.8183295130729674,-0.33347016572952276,-1.7741039991378784,2.487344741821289,-2.168957948684691,0.9581887722015382,1.2003448009490967,-1.9158974885940556,1.2044107913970947,1.0096909999847412,-1.9138443470001216,0.6195896267890931,1.4011247158050537,-0.4615742564201355,-1.8818711042404175,5.190555572509766,-2.028462886810304,0.9985005259513856,3.8539888858795166,-2.3518140316009526,0.904470980167389,9.45999813079834
278,1.2702016830444336,-0.004312763921916462,-0.9951610565185547,0.8222623467445375,0.05262672901153563,-1.7316886186599731,0.8676656484603882,0.44474786520004267,-1.2293167114257812,1.2658919095993042,0.05594203993678092,0.944051206111908,1.7633445262908936,0.3714472353458405,0.47938269376754766,0.6647129058837892,0.6960682272911071,1.0164965391159058,5.029345989227295,0.0654643028974533,-1.1278079748153687,6.081663608551025,0.2968207895755769,0.6721415519714355,6.955946922302245,0.3059138357639313,-0.10905227065086365,9.460253715515137
279,0.8045380115509033,-0.8187633156776427,0.6759623289108275,1.7152780294418335,-0.19253158569335935,0.7820516228675842,0.4294670522212982,-0.13003858923912048,1.2271898984909058,2.068850040435791,0.5866126418113707,1.5316964387893677,3.1072294712066646,0.6152541637420655,1.6151078939437866,3.1085016727447514,0.8648781776428224,1.7261874675750732,3.7293589115142822,-0.4349985420703886,0.6386850476264954,8.250797271728516,0.7234959602355957,1.6323542594909668,10.749946594238281,0.43542256951332103,1.337364912033081,9.460313796997072
280,1.2468535900115967,0.3971596956253051,1.7833571434020996,6.7425127029418945,0.5662307143211366,1.777771234512329,5.486415863037109,0.6305875778198243,1.7507878541946411,0.27749013900756836,0.9773847460746765,0.5927951335906982,2.162749767303467,0.6216432452201842,0.7460831999778748,2.6499269008636475,0.8183122873306274,0.7311995029449463,14.168840408325194,0.6015299558639526,1.7582329511642456,5.939175605773926,0.6700460314750672,0.7805379033088684,18.168655395507812,0.6800588965415956,1.4837368726730347,9.4602632522583
281,0.9914939403533937,0.39521476626396174,0.5973042249679565,1.8023041486740112,-0.12197767943143847,0.4381170272827148,0.21032917499542236,-0.48205995559692394,0.3589853346347809,0.29166412353515625,-1.5978834629058836,-1.9471379518508911,0.7033011317253113,-0.32972380518913263,-2.8225653171539307,0.3118816018104553,0.3274069130420683,2.80352520942688,6.613041877746581,0.15721376240253457,0.5371412634849548,2.4411044120788574,-0.6249560713768006,-2.632178783416748,4.17342472076416,-0.1392190903425217,0.5533580780029297,9.460311889648438
282,3.254541635513306,1.2960715293884275,-2.0382306575775146,0.9580903649330139,0.8903608322143554,-2.1806983947753906,0.6389642953872681,1.0692017078399658,-2.663878917694092,1.939268708229065,0.3695098757743836,-1.0511902570724487,3.83916974067688,0.4377685487270355,-1.0343730449676514,1.0957424640655518,0.6167072057724,-0.6136317849159241,4.918027400970459,1.186839818954468,-2.1432547569274902,8.135108947753906,0.40652754902839666,-0.9402523636817932,10.915029525756834,0.8677681088447573,-1.3741834163665771,9.460289955139157
283,0.5065383911132812,-0.2510827183723451,3.119668483734131,0.35882768034935,0.9614009261131289,2.9142777919769287,2.525392532348633,0.21908396482467654,-2.8345072269439697,0.46624299883842474,-0.015166340395808194,0.9888490438461304,1.1974711418151855,0.650721848011017,0.8640726804733276,1.1005457639694214,0.9267559051513672,1.2751686573028564,5.473868370056152,0.29706010222434986,-2.898416042327881,3.6857333183288574,0.8649176955223085,0.9829168915748596,3.7071921825408936,1.1474270820617674,2.650298833847046,9.460269927978514
284,0.4571734368801117,1.7898503541946416,2.176992654800415,1.2767794132232666,2.3254094123840323,2.773336887359619,0.39276814460754395,1.1653016805648801,2.539052963256836,0.5646393299102783,1.0916807651519773,2.0695900917053223,1.824389576911926,0.9903763532638552,1.850143551826477,6.590174674987793,0.8361137509346008,1.935982584953308,2.8242180347442623,2.092538356781007,2.399508237838745,14.723807334899902,0.9170229434967044,1.8724290132522583,17.22340965270996,1.22378408908844,1.955004334449768,9.460258483886719
285,1.587579607963562,-2.3532290458679213,-2.1600494384765625,2.02958607673645,-2.363924741744996,-1.7413567304611206,0.8908061385154724,-2.3145065307617188,-2.343575954437256,1.0961346626281738,-2.241593122482298,1.4094034433364868,0.729945182800293,-1.8783266544342034,0.9312149286270142,0.8512800335884095,-1.785723090171814,1.04487943649292,4.789167404174805,-2.398499965667726,-1.9220753908157349,4.008253574371338,-2.2962219715118426,1.0819976329803467,0.986046016216278,-4.532717704772915,-1.3310002088546753,9.460259437561035
286,0.8055441975593567,1.2576727867126465,1.2573450803756714,1.0559192895889282,1.0299130678176878,1.0172796249389648,1.3095991611480713,0.9831776022911072,0.6586781740188599,1.2058978080749512,1.7593939304351802,-2.6039047241210938,1.0834053754806519,1.4978668689727783,-2.5792219638824463,1.240195631980896,1.6331419944763184,-3.0680019855499268,4.262837886810303,0.9271808862686155,0.9396612048149109,4.256031513214111,1.561028122901917,-2.682098865509033,2.0256614685058594,2.647917032241826,2.2671101093292236,9.460230827331538
287,4.1417317390441895,-1.8241866827011104,0.9867587089538573,1.1410404443740845,-1.984502434730531,0.6915047764778137,2.292593479156494,-1.9796521663665752,0.9620273113250732,0.25047996640205383,-2.0942025184631365,2.1198956966400146,0.5977003574371338,-0.5586625337600709,2.355700731277466,1.558172941207886,-1.1767865419387815,2.22273325920105,11.432499885559082,-1.8965504169464116,0.8623782396316528,2.7905640602111816,-1.419389605522156,2.303245782852173,12.114299774169922,-1.9716026782989515,1.0928237438201904,9.460297584533691
288,1.500894784927368,-2.2126913070678698,0.057783611118793494,0.347106397151947,-1.4756525754928584,0.01970371045172214,1.0215249061584473,-1.469670414924622,-0.019203172996640205,2.4030539989471436,-1.425034403800965,-3.0973691940307617,0.4839901328086853,-0.8370750546455383,-3.0185916423797607,0.406011015176773,-1.400295853614807,2.546455144882202,5.186097145080566,-1.8806737661361694,0.1335355043411255,3.4057614803314205,-1.3694170713424683,3.0245187282562256,2.006610155105591,-3.1104404926299964,0.5874738693237305,9.460300445556637
289,0.2754514217376709,0.5119614005088805,-1.6163901090621948,1.2326916456222534,0.9793143868446351,-2.231356620788574,0.7190611958503723,1.0148611068725584,-2.4911670684814453,0.35801932215690613,-1.2585580348968506,0.6065719127655029,0.21085448563098907,-0.6344922184944153,-1.0919561386108398,0.9420996308326721,-0.9254430532455444,0.6140425205230713,2.36492919921875,0.8298391699790956,-2.2998526096343994,4.071420192718506,-0.9679890275001526,0.25196340680122375,2.4830093383789062,-0.8547557592391969,-0.3063144087791443,9.460336685180664
290,0.47587895393371576,-1.6025019884109495,1.4480623006820679,1.1014416217803955,-1.1188684701919556,2.2617433071136475,0.6831274628639221,-1.0976548194885254,2.436022996902466,1.6025326251983643,0.45858010649681086,-2.9854652881622314,0.7224864363670349,-0.009179943241178903,3.0029640197753906,1.0068132877349854,0.10676537454128258,-2.4889464378356934,3.8169796466827393,-1.3184926509857178,1.888967752456665,3.6698300838470463,0.3855943381786347,-2.9650940895080566,5.656212329864503,-0.8195964097976683,2.5864810943603516,9.460220336914062
291,4.3020339012146,0.7333743572235107,2.5213799476623535,8.036606788635254,0.6408575177192688,2.58516263961792,0.32662963867187494,0.7232078313827517,2.356424570083618,0.5022969245910645,1.593010663986206,0.12463305145502089,0.4843581914901734,0.892355144023895,1.8311703205108643,0.7944251298904419,1.1412926912307737,1.3433737754821777,13.532777786254883,0.7028156518936157,2.5617029666900635,2.9522597789764404,1.2448080778121953,1.2344633340835571,14.53001594543457,0.9047322869300843,2.363215446472168,9.460222244262695
292,1.6809864044189453,-0.48700219392776484,-0.9733244776725769,0.37546235322952265,-0.8817170262336732,-0.37441951036453247,2.123051404953003,-0.3958583772182464,-0.4905246794223786,1.2875878810882568,-0.8049325942993164,2.3349292278289795,1.0026239156723022,-0.7111286520957947,2.3715338706970215,1.7851655483245852,-1.1512194871902466,1.8297593593597412,3.9972753524780273,-0.5431494116783143,-0.6698059439659119,4.7680606842041025,-0.893483281135559,2.1324734687805176,1.6635788679122927,-2.1617619991302495,1.2055907249450684,9.460296630859375
293,1.0764639377593994,-1.832084178924561,0.9746966958045958,0.4857351779937744,-1.8888138532638552,1.09121572971344,2.051443576812744,-2.139187812805175,0.7219830751419067,2.845803737640381,-1.1691472530364992,1.4517335891723633,0.4916123449802399,-1.4463213682174683,1.6997870206832886,5.818814754486084,-1.2996073961257935,1.4143050909042358,4.503924369812012,-2.2358932495117205,0.8478326201438903,14.11248779296875,-1.3288772106170657,1.4254708290100098,18.053964614868164,-1.6569136381149299,1.2888236045837402,9.460315704345703
294,0.7616307735443115,0.7381806969642639,-2.895602226257324,2.343989372253418,0.3678192794322968,-2.5256104469299316,3.0145754814147945,0.35997951030731196,-2.65216326713562,2.3393208980560303,0.46675845980644226,-0.3027451038360596,0.62793105840683,0.3347443342208862,-0.5753049850463867,0.33813926577568054,-0.3096896409988402,-0.3194076120853424,6.161846637725831,0.46009808778762823,-2.6359968185424805,3.524850606918335,0.3521892130374909,-0.2321875989437103,4.271956920623779,0.869977056980133,-2.047618865966797,9.460301399230957
295,7.533279418945312,-2.4118392467498815,-0.344412624835968,0.5950395464897156,-2.3516819477081308,-0.609591543674469,2.073575973510742,-2.4950463771820086,-0.5289700627326964,0.980930209159851,-1.8610217571258536,-0.06291513890028001,2.3100736141204834,-1.9213825464248653,-0.11445446312427521,9.851053237915039,-1.9990317821502677,-0.016618162393569943,18.516759872436523,-2.401371717453002,-0.3765047192573547,13.530048370361328,-1.9658250808715827,-0.047991439700126655,31.62597846984863,-2.252341747283936,-0.2380342334508896,9.460661888122319
296,0.5842686295509338,1.3340659141540527,-2.7671279907226562,1.011624813079834,0.5001114606857299,-2.440121650695801,2.053083896636963,0.6602136492729188,-2.3432109355926514,0.7824497222900391,0.39190587401390076,0.12169392406940462,1.1043165922164917,0.7841628789901735,-0.2827691435813904,2.2771360874176025,0.755195677280426,-0.2146901488304138,4.091040134429932,0.8121587634086609,-2.5427911281585693,5.363788604736328,0.8593677282333374,-0.13261520862579343,2.0732192993164062,2.227001667022707,-1.9666728973388672,9.46030044555664
297,0.5221630930900574,0.7236481904983519,-2.540825366973877,0.5112993717193604,1.6337318420410154,2.7375736236572266,1.585618019104004,1.3229420185089105,-2.782849073410034,0.9855058193206787,1.4973714351654048,-0.16777147352695462,0.34193548560142517,1.4800378084182735,0.27989193797111517,3.4321768283843994,1.532427430152893,-0.18535266816616056,3.2118287086486816,1.201075553894043,-2.8793110847473145,5.6843132972717285,1.5837050676345832,-0.02870015799999237,2.765525817871094,2.5787551403045677,-0.3683869838714599,9.460087776184082
298,0.44876199960708624,-0.9154837131500244,2.8091421127319336,3.3249800205230713,-0.6291841268539429,-2.9870553016662598,0.33426934480667114,-0.6092749238014221,-2.8382365703582764,0.3252793848514557,0.18127420544624334,-0.8652456998825072,0.6029011011123657,-1.0567376613616941,0.043190054595470435,1.4302207231521606,-0.3960924446582794,-0.057666476815938957,4.669212341308594,-0.7969592213630676,-3.0936121940612793,4.075305938720703,-0.6026464700698851,-0.04066216200590134,0.7086207270622253,-2.9476764202117858,-2.559450626373291,9.460312843322754
299,1.517092943191528,1.023195147514343,1.8661961555480957,1.2191776037216187,0.9179715514183046,1.8598374128341675,2.609466791152954,1.0573418140411377,1.5072330236434937,0.9440325498580932,0.22624263167381287,0.8451182842254639,2.643075466156006,0.2926777303218842,0.9231227040290833,2.863770008087158,0.24987994134426122,0.693608283996582,5.993112087249757,1.1093114614486692,1.7464430332183838,7.257495880126953,0.22583436965942388,0.7411800622940063,11.62770938873291,0.7625339031219482,1.1914044618606567,9.460363388061523
300,1.26509428024292,-2.02112555503845,-1.0046893358230593,1.004105567932129,-2.3558466434478764,-1.6681715250015259,0.14875012636184692,-2.1053118705749516,-2.8069331645965576,0.6389099955558777,-0.3345080912113189,-1.1866799592971802,2.4327065944671635,-0.5375710129737852,-1.0949302911758423,2.8483142852783203,-0.5033531785011292,-0.7290287613868713,2.0803635120391846,-2.332214832305907,-1.3895765542984009,8.092331886291504,-0.5197370052337646,-0.8614279627799989,9.944642066955566,-1.2000226974487305,-0.9670445919036865,9.460349082946774
301,2.4886600971221924,-1.2349776029586792,2.8109352588653564,0.9380606412887572,-0.7020748257637024,2.9178242683410645,0.4832263588905335,-0.9503898620605469,2.88722562789917,1.8290607929229739,-2.280561447143555,-1.6761813163757324,1.3456543684005737,-1.898760795593261,-1.8979318141937256,0.5161983370780945,-1.9864158630371103,-2.7682301998138428,7.234464168548584,-1.195305585861206,2.911205530166626,3.7806107997894287,-2.205345392227171,-1.9562163352966309,8.664703369140625,-1.8824372291564944,-2.926279067993164,9.460210800170898
302,2.240070819854736,1.720789194107056,1.4885926246643066,0.590498149394989,1.6374571323394773,1.8158588409423828,1.4573680162429807,2.0481328964233407,1.381303071975708,1.3213527202606201,1.8383123874664307,-0.9916952252388,0.41739532351493835,1.6927151679992676,-1.9819992780685425,0.9672258496284485,1.727080106735229,-1.061448574066162,4.803337574005127,1.9760993719100939,1.4632478952407837,4.041839122772217,1.8040271997451773,-1.379495620727539,1.5168789625167847,3.6422834396362163,0.5613487362861632,9.46031379699707
303,2.032270669937134,-0.6988669633865358,-2.2465622425079346,1.3278582096099854,-0.8507366776466369,-2.409722328186035,0.29767993092536926,-1.3784985542297368,-1.5579032897949219,1.9974784851074219,0.300173819065094,-1.747365951538086,1.2086334228515625,0.15883833169937142,-1.5916661024093628,1.0532804727554321,0.7545691728591917,-1.9866960048675537,4.921313285827637,-0.965014398097992,-2.3332929611206055,5.918383598327636,0.46092161536216747,-1.8429968357086182,10.518388748168945,-0.25356858968734736,-2.065136671066284,9.460230827331545
304,4.1179704666137695,0.33716645836830145,1.925034999847412,2.7692065238952637,0.1356547772884369,1.8613699674606323,0.9462475776672364,0.06846043467521663,1.61110258102417,0.26040926575660706,0.028725342825055157,-2.0384268760681152,1.2908939123153687,-0.29702863097190846,-2.5880157947540283,1.2939908504486084,-0.7012574076652528,-2.6854703426361084,8.41071605682373,0.22494497895240784,1.9036033153533936,3.3386869430541997,-0.5299065113067627,-2.7742958068847656,8.941495895385742,0.006126862950623055,2.286027193069458,9.460137367248537
305,1.96141242980957,0.8608373403549197,1.7038649320602417,0.3879890739917755,0.24862833321094518,1.2524760961532593,1.596866726875305,0.92279314994812,1.3642637729644775,0.9923466444015504,0.26614162325859064,2.547760486602783,3.20548677444458,-0.01657613180577755,2.645979404449463,1.8980427980422971,0.03559250757098201,2.2589609622955322,6.3617682456970215,0.9387471079826355,1.4759477376937866,6.987458705902099,0.04470941051840782,2.4459424018859863,8.96008014678955,0.1023131906986237,1.9999302625656128,9.460300445556642
306,0.5205862522125244,0.49212181568145763,-2.3610610961914062,2.6351373195648193,0.25785523653030396,-1.7990041971206665,0.7721414566040039,0.9142146110534669,-1.6675317287445068,1.7694231271743774,0.8655686378479003,2.0485339164733887,0.27408280968666077,1.700980305671692,1.6846859455108643,1.4378603696823118,0.9684110283851624,1.7288918495178223,3.823105812072754,0.42671957612037664,-1.8466554880142212,5.268992900848389,0.9576727747917176,2.0412521362304688,3.577606439590454,1.490101218223572,2.8530523777008057,9.460304260253906
307,0.7993249297142029,-0.6231452226638794,0.1485261470079422,0.9997518658638002,0.03354672715067857,-0.0648980513215065,1.240047574043274,0.14164318144321444,-0.3881575167179108,0.23389095067977908,0.41942200064659124,2.955723285675049,1.2448195219039917,0.07073802500963212,2.9322245121002197,0.7420780658721925,0.6267221570014953,-2.8636701107025146,4.868964195251465,-0.07355400174856182,-0.25800758600234985,3.7871856689453125,0.3358147144317627,2.799820899963379,1.1399781703948975,0.7499684691429136,0.0236541498452425,9.46037769317627
