,gen_pi1_from_antitau_pt,gen_pi1_from_antitau_eta,gen_pi1_from_antitau_phi,gen_pi2_from_antitau_pt,gen_pi2_from_antitau_eta,gen_pi2_from_antitau_phi,gen_pi3_from_antitau_pt,gen_pi3_from_antitau_eta,gen_pi3_from_antitau_phi,gen_antitau_pt,gen_antitau_eta,gen_antitau_phi
0,2.1002094745635986,-0.13876938819885262,-2.3468947410583496,0.8348726630210876,0.5070509314537048,-2.0108723640441895,0.6166298389434814,0.43114307522773737,-2.272052764892578,3.9166376590728755,0.04297019913792605,-2.1880905628204346
1,1.1761032342910767,1.1617968082427979,2.474757671356201,0.794583797454834,0.8455393910408022,2.5860342979431152,0.20255844295024872,1.6126362085342414,-2.4432337284088135,2.154761552810669,1.2825983762741087,2.3785672187805176
2,0.9317363500595094,-1.4389935731887817,2.2791154384613037,0.5729250311851501,-1.8191437721252437,2.0155439376831055,1.4745975732803345,-1.0276592969894407,1.7938753366470337,2.8238589763641353,-1.427977204322815,1.9356870651245117
3,2.1014773845672607,-1.4028939008712773,2.5024259090423584,3.049213409423828,-1.2895921468734741,2.88742733001709,0.7080243229866028,-1.3157376050949097,2.408304452896118,7.563004970550537,-1.3255258798599245,2.6312692165374756
4,0.38890811800956726,0.9799066781997682,2.789778232574463,2.081002950668335,0.9622945785522463,2.6657583713531494,5.85520076751709,0.788188338279724,2.687840223312378,11.034536361694336,0.7958644032478333,2.735931634902954
5,4.971513748168945,-2.0958936214447017,0.5304479598999023,1.539002060890198,-1.8648140430450433,0.3762955069541931,1.9245524406433108,-1.9145213365554812,0.6359411478042603,10.055953979492188,-2.021338701248169,0.5786790251731873
6,0.561840832233429,-1.6310539245605473,2.6854248046875,0.6165580749511719,-1.353992223739624,1.7249200344085693,0.29021310806274414,-1.0537046194076538,0.5096461176872253,2.4738986492156982,-1.7218523025512693,1.8314663171768188
7,1.1671457290649414,-0.9074472188949585,2.3816781044006348,0.39318159222602844,-1.5631093978881838,2.8191871643066406,0.2812654376029968,-1.7413506507873535,1.6777352094650269,5.51513957977295,-1.2144317626953127,2.454212188720703
8,0.23138411343097687,2.1525716781616184,-0.9193551540374756,0.9198698401451112,0.761054515838623,-0.812725841999054,0.49601143598556524,0.5961939692497252,-2.2019612789154053,1.2275880575180054,1.4081500768661495,-1.354732632637024
9,4.066379547119141,-0.5593909621238711,-0.27782028913497925,0.485422283411026,-0.7250032424926757,0.09320420771837234,0.6497353315353394,-0.9568207859992979,-0.2737460434436798,5.5759663581848145,-0.6911332011222839,-0.30504390597343445
10,3.2812371253967285,-1.4890346527099614,1.5931644439697266,3.571952104568481,-1.5608307123184195,1.3680320978164673,0.8697730302810669,-1.542197465896607,1.190346121788025,9.664039611816406,-1.5141900777816772,1.4977222681045532
11,2.937632799148559,1.4468492269515996,-2.5413978099823,1.115203619003296,1.5810422897338874,-2.1980090141296387,0.24665416777133944,0.8139155507087709,-2.7796425819396973,7.759361743927002,1.420996904373169,-2.446605682373047
12,1.6014282703399658,0.2816730737686157,2.339700937271118,1.1571956872940063,0.1498232334852218,1.7536476850509644,1.349679946899414,-0.0044649583287537375,2.3803231716156006,4.689018726348877,0.1757411509752273,2.089897871017456
13,0.9826653003692627,1.000372052192688,-2.534907341003418,0.16290006041526794,0.24998667836189276,3.0422942638397217,0.5249884128570557,0.2642942368984222,2.9023969173431396,2.7471446990966792,0.7127706408500671,-2.529179096221924
14,4.626572608947754,0.8423071503639221,0.9937560558319092,0.944549858570099,0.7869210839271543,0.8486891984939575,1.9262524843215945,0.6985069513320923,0.8174267411231995,9.477581977844238,0.8773736357688904,0.8914713859558105
15,1.597036600112915,0.24845629930496219,0.8510845303535461,0.7059430480003357,1.0339313745498657,0.9694842100143433,0.2815018594264984,-0.003581806318834424,2.0886242389678955,3.554363965988159,0.5322000384330748,1.0236328840255737
16,0.6173717379570008,-0.06913469731807709,-0.3833551406860351,0.6523413062095642,-0.4184532463550567,-0.704642653465271,3.535702228546142,-0.354783445596695,0.08195658773183823,5.352745532989502,-0.29721167683601385,-0.07951083034276961
17,3.2394530773162846,-0.7554270029067991,2.1940348148345947,1.305364727973938,-0.6196441650390625,2.3571617603302,3.972447395324707,-0.7068629264831544,2.3798747062683105,9.334704399108887,-0.7007903456687926,2.3519837856292725
18,1.2312825918197632,-0.3131709694862366,-0.379441887140274,0.30537062883377075,0.2670115828514099,0.40646839141845703,1.9212919473648071,-0.5519134998321533,0.07672582566738129,3.51158595085144,-0.5099426507949829,-0.08585610240697861
19,1.4210137128829958,-1.7461427450180051,-2.8139355182647705,0.7111182808876038,-1.909324765205384,3.085864305496216,1.7608309984207153,-1.9682030677795395,-2.5347232818603516,8.030710220336914,-1.8165613412857051,-2.69561505317688
20,1.533845901489258,-0.15158523619174952,-1.5709213018417358,0.3851159512996673,-0.40144088864326494,-1.7875760793685913,1.147088646888733,-0.21716791391372678,-2.3166563510894775,4.364352226257324,-0.23245222866535184,-1.7042992115020752
21,2.0526316165924072,0.6618381142616273,-0.9010648727416992,1.6376758813858032,0.6104052662849426,-0.7192948460578918,0.29002875089645386,-0.15955087542533875,-0.5053232312202454,8.255999565124512,0.6451404690742494,-0.8417071104049683
22,5.691440582275391,-1.005556106567383,-1.1367040872573853,1.3280848264694214,-0.8786908388137816,-1.0829359292984009,4.042688369750977,-0.864202916622162,-1.0662742853164673,11.702289581298828,-0.9268916845321656,-1.08039391040802
23,1.2270355224609375,0.6312773823738097,-1.5620341300964355,1.4595044851303098,1.085999608039856,-1.4189234972000122,1.591464638710022,0.9083813428878781,-1.2094714641571045,6.064992904663086,0.8028010725975036,-1.3141378164291382
24,2.1007838249206543,-0.32110375165939337,0.11933235079050065,6.030473232269288,-0.2557730674743651,0.27950531244277954,0.7554461359977722,-0.43117386102676397,0.477387398481369,17.340749740600586,-0.2441971302032471,0.27971071004867554
25,1.135598063468933,2.1516196727752686,0.5404528975486755,4.2051239013671875,2.485103130340579,0.44233116507530207,0.8111444711685181,2.1988492012023912,0.7326586842536926,7.765016555786133,2.3603167533874503,0.5557581186294555
26,1.535342216491699,-0.9249593019485476,0.6380248069763184,1.1945136785507202,-0.7254756093025206,0.6715731024742126,5.591160297393799,-0.8268836140632629,0.3933100402355194,10.568195343017578,-0.7840648293495178,0.4734068810939789
27,1.812065005302429,0.8101192712783816,-0.1539891213178635,0.2613210380077362,0.03629245236515998,0.652447521686554,0.6518132090568542,0.4872709214687348,-0.77961927652359,2.7675607204437256,0.6224989295005797,-0.20709453523159027
28,0.9459788203239441,-1.1963239908218384,-1.6747997999191284,1.6561670303344727,-1.3500913381576538,-1.5336003303527832,2.949952602386475,-1.0674712657928465,-1.2004287242889404,6.10764217376709,-1.2631231546401978,-1.381985068321228
29,0.24718824028968814,0.13526207208633423,0.406694084405899,0.9151427149772644,-0.3538183271884918,-0.33823081851005554,3.469863176345825,-0.32071822881698603,0.020750338211655617,4.857364654541016,-0.30994510650634766,0.04586861655116082
30,1.238471269607544,-0.3732573688030243,-2.810678482055664,0.5437784194946289,-0.6438840031623839,3.0576014518737793,3.713013172149658,-0.5851890444755554,-2.574707269668579,9.4351224899292,-0.5378983020782472,-2.7134876251220703
31,0.7665039300918579,0.8984448909759521,-1.0239704847335815,1.148810625076294,0.9678113460540769,-1.1434413194656372,1.1783077716827393,1.3622943162918089,-0.43501996994018555,4.461298942565918,1.2203084230422974,-0.9687379598617554
32,0.5945091843605042,-0.7949395775794983,-2.351099729537964,0.40146255493164057,0.2579293847084046,-2.2807250022888184,2.249987840652466,-0.46452894806861883,-2.7824530601501465,4.0757036209106445,-0.44058936834335316,-2.771681308746338
33,0.6554403305053711,0.010879131034016633,-0.21481376886367798,0.33204227685928345,-0.3399599194526671,0.12605352699756622,0.5044007301330566,-1.1102331876754759,-0.49622964859008795,1.3078129291534424,-0.9772745966911315,-0.06146644055843353
34,2.925894260406494,-2.1127667427062975,-1.4631465673446655,1.798694849014282,-2.3521699905395486,-1.170375943183899,0.47615224123001104,-1.8307913541793832,-0.9373592734336853,5.568348407745361,-2.264784097671509,-1.3081386089324951
35,2.6719186305999756,-1.3390823602676394,0.33804136514663696,0.8481709361076355,-1.6236087083816528,0.3609222471714019,1.512111783027649,-1.5240993499755862,-0.0011019447119906545,6.5955519676208505,-1.578392624855041,0.2519043982028961
36,0.532996654510498,1.4547791481018069,-0.027997883036732674,0.4447515308856964,1.3141494989395142,-0.7732815742492676,2.0898640155792236,1.3776624202728271,-0.14484016597270966,3.513106346130371,1.6227591037750244,-0.3183711767196655
37,0.4963629543781281,-0.5898430943489075,-0.6419965028762816,1.2825316190719604,-0.11433015763759602,-1.472977876663208,1.1546317338943481,0.11477582901716225,-1.422509789466858,2.907079458236694,-0.04151935875415802,-1.233323574066162
38,0.5291208028793335,0.6731441617012023,-3.0184664726257324,0.7893150448799132,0.06202937662601473,-1.4331666231155396,0.4777591824531555,0.41090935468673706,-1.7241157293319702,2.5324349403381348,0.40823492407798767,-1.7249336242675781
39,0.5598964095115662,-1.7752398252487183,-1.2301437854766846,1.0755629539489746,-2.411927938461302,-1.3946797847747803,0.7986339926719666,-2.1218242645263685,-2.319901704788208,3.5344285964965825,-2.247051477432251,-1.772328495979309
40,2.0095036029815674,0.33253943920135504,-2.7242226600646973,1.9684970378875732,0.536008358001709,-2.7638816833496094,2.9283056259155273,0.4247637391090393,-3.0502161979675293,12.869178771972654,0.4316104650497438,-2.9079651832580566
41,1.004275918006897,-2.3253083229064937,-0.6107912063598633,1.5960988998413088,-2.0950078964233394,-0.38416594266891474,1.4182161092758179,-1.9269555807113639,0.05366576090455056,4.963931083679199,-2.1125009059905997,-0.38875928521156305
42,3.6005289554595943,1.675558924674988,-0.9044872522354126,3.5323572158813477,1.5169348716735835,-1.03901207447052,7.221725463867188,1.659740924835205,-1.021043062210083,14.96070384979248,1.6304489374160755,-0.979681670665741
43,4.601700305938721,-0.5056290626525879,-1.9062635898590088,0.701537013053894,-0.7449036240577698,-2.055896520614624,3.0008285045623775,-0.3399323523044586,-2.06423020362854,10.439920425415039,-0.5188558101654054,-1.9963886737823486
44,0.3971453905105591,1.6781437397003183,-1.031789779663086,1.1301006078720093,2.4847791194915727,-0.5793218016624451,0.39441305398941046,1.754501819610596,-0.5087789297103882,5.6386799812316895,2.19127321243286,-0.767410635948181
45,1.7454738616943362,0.9754260778427123,-2.3256425857543945,1.499988555908203,0.6957392692565918,-2.529616355895996,1.560468792915344,1.145739197731018,-2.397118091583252,6.262268543243408,0.9231442213058471,-2.3054261207580566
46,3.107494354248047,0.24484531581401833,-2.6355652809143066,0.7114242911338806,0.28585293889045704,-2.1012980937957764,1.84876549243927,-0.04452281445264812,-2.7415270805358887,5.8174614906311035,0.20047922432422638,-2.6045656204223633
47,0.5691834092140198,1.5567079782485955,1.5983730554580688,2.962485790252686,0.8145200014114381,1.9298571348190308,1.672114372253418,0.7347559928894041,2.2087628841400146,5.699421405792236,0.8996570706367489,1.9739229679107666
48,0.6206986308097839,-0.6583322882652282,-1.4726061820983887,0.5609864592552185,-1.1121522188186646,-1.9695135354995728,1.6064615249633787,-0.36587914824485784,-1.7872933149337769,3.1408524513244633,-0.7938262224197385,-1.635928750038147
49,1.6129570007324219,-2.415688753128051,-1.0016584396362305,0.59757000207901,-2.127319097518921,-0.7918106317520143,4.591446876525879,-2.1692996025085463,-1.141486406326294,6.799835205078125,-2.255835533142089,-1.0548838376998901
50,2.748769760131836,0.3075255751609802,-1.4380035400390625,2.162569284439087,0.5711522102355957,-1.5841246843338013,2.1594221591949463,0.26985374093055714,-1.7248448133468628,9.736486434936523,0.4362784028053284,-1.582212209701538
51,0.48238322138786316,-2.318415641784671,-1.8671438694000244,2.0753865242004395,-1.9055119752883916,-1.3315149545669556,1.0352554321289062,-1.494058609008789,-1.445311188697815,3.851535558700561,-1.8579347133636475,-1.507102608680725
52,5.346921443939209,-0.9983313083648682,-1.081683874130249,0.38575661182403564,-0.7614589333534242,-1.3223680257797241,1.5963319540023801,-1.2304687499999998,-1.2140395641326904,8.160758972167969,-1.0881961584091187,-1.1570391654968262
53,0.6501925587654113,-0.9745328426361085,0.33447703719139105,1.4775435924530032,-0.7854769825935363,0.1473858803510666,2.7426483631134033,-0.692913830280304,-0.0921917036175728,5.238905906677247,-0.8057792186737062,0.12413827329874037
54,1.3615881204605103,-1.454561710357666,-1.7127386331558228,1.8677399158477783,-1.5235836505889895,-1.5127983093261719,3.328851699829102,-1.3672026395797727,-1.7226802110671997,10.935529708862305,-1.365217924118042,-1.5906147956848145
55,0.3124594986438751,-1.1583323478698726,2.5488345623016357,0.8882712721824645,-0.9410752654075623,2.828303098678589,1.9013019800186157,-0.3108594715595247,2.970850706100464,6.2709736824035645,-0.558950424194336,2.8984344005584717
56,0.3297498822212219,-2.0453374385833736,3.003782033920288,0.506226658821106,-1.2709150314331057,2.371177911758423,1.5802081823349001,-1.9949600696563725,3.0520763397216797,5.532040596008301,-1.9068236351013181,2.992534875869751
57,1.915917158126831,0.282613456249237,-1.014126181602478,0.8416244983673097,0.2464910298585892,-0.5126041173934937,4.191427230834961,0.1698708534240723,-0.899532437324524,14.37850570678711,0.2007950544357299,-0.9174353480339049
58,0.28689277172088623,0.9402499794960024,1.781872034072876,0.4063519537448883,-1.1881386041641235,2.7874512672424316,0.31971967220306396,-0.9434334039688111,1.162885308265686,1.5588715076446533,-0.6534869074821472,1.793745994567871
59,1.9671132564544676,0.11990804225206383,1.1905218362808228,2.202057361602783,0.5838453173637391,0.999052107334137,0.6029829978942871,0.8212079405784607,0.9581030607223511,5.4018144607543945,0.39671859145164495,1.030497193336487
60,1.7215677499771116,-1.7878654003143315,-0.18062624335289001,2.0751914978027344,-1.559686303138733,0.10245909541845323,0.47959798574447626,-2.077579975128174,-0.05522315204143524,4.299525260925293,-1.7164275646209723,-0.039273642003536224
61,1.099907636642456,0.7230167388916015,1.653663992881775,1.521470308303833,0.6248248815536499,1.9989217519760132,0.6436097025871277,1.1965279579162598,2.376175880432129,5.215870380401611,0.6743099689483644,2.0161802768707275
62,3.506728172302246,-1.7580224275588985,0.46719020605087275,1.2634223699569704,-2.042204380035402,0.573199450969696,6.123281955718993,-1.9597996473312376,0.3599156141281128,15.013065338134766,-1.8953740596771236,0.42302870750427246
63,1.0358045101165771,1.3550466299057002,-0.6742882728576659,1.0704634189605713,1.5624408721923828,-1.2214515209197998,1.3172494173049927,1.8720823526382444,-0.5434775948524475,5.642187595367432,1.5995572805404663,-0.834557294845581
64,1.1778701543807983,-0.5936616063117982,3.1020960807800293,0.31175681948661804,-0.4440952539443969,-2.8063976764678955,2.958418607711792,-0.9545500874519348,2.8896424770355225,5.398062229156494,-0.7597473859786986,2.969395637512207
65,0.8729864954948424,-1.1182967424392702,-2.6981241703033447,0.8610742092132568,-1.3709644079208372,-2.7663779258728027,2.2241311073303223,-1.279086709022522,-3.0138981342315674,6.040930747985841,-1.18751847743988,-2.7455344200134277
66,0.9728165864944458,-1.5323746204376214,-3.113579511642456,1.3094316720962524,-1.710625767707825,3.046668529510498,1.6450256109237673,-1.6162921190261832,-2.645280599594116,4.865659713745117,-1.6811405420303347,-3.091332197189331
67,1.1725767850875854,-0.6414286494255066,-1.6502872705459595,0.4457437992095948,-0.6691797375679017,0.10672572255134583,0.7663311362266539,-0.3718689978122711,-1.4480130672454834,2.739268541336059,-0.6178580522537233,-1.394596815109253
68,0.38748955726623535,-0.022580565884709393,-2.9571659564971924,0.43813502788543696,-0.1835869699716568,-3.009627342224121,4.642693996429443,-0.31941977143287664,-2.8168020248413086,5.4279608726501465,-0.3030369877815246,-2.810678005218506
69,0.3101451098918915,0.29951333999633784,2.5183393955230713,0.5492867827415466,0.6427727937698365,0.15757763385772705,0.5411908030509949,1.1174319982528687,1.79743492603302,1.5379893779754639,1.1044412851333618,1.0661451816558838
70,1.4246335029602049,-0.7919071912765504,2.5135817527770996,5.749962329864502,-0.7964230179786681,2.495156764984131,2.4878413677215576,-0.7002766132354737,2.7112412452697754,9.837406158447266,-0.7718782424926758,2.5736382007598877
71,4.880856037139893,0.6259453892707822,-1.0704710483551025,2.5878458023071294,0.6136407852172849,-0.9918127059936523,1.5409082174301147,0.9119430780410767,-1.207391619682312,14.604747772216797,0.6457102298736571,-1.0998070240020752
72,0.6224057078361511,1.6879079341888428,-1.5603053569793701,0.6088712811470032,1.4770525693893433,-2.4235711097717285,1.3763067722320557,1.3733832836151125,-1.7299857139587402,2.876411676406861,1.4502435922622683,-1.7045612335205078
73,0.20516143739223477,-2.1935377120971693,-2.6774659156799316,0.2228213399648666,-2.1666133403778063,-1.2975564002990723,2.652237892150879,-2.1835567951202397,-0.6271532177925111,3.356937885284424,-2.272552490234373,-0.6941246390342711
74,2.9219698905944824,1.241575002670288,-0.8284992575645447,1.7516081333160403,1.2213701009750364,-0.929307222366333,1.5456701517105103,0.9232200384140011,-0.6365602612495422,9.242959022521973,1.1637386083602903,-0.7284767627716064
75,2.3184311389923096,1.207661986351013,1.6040509939193726,1.8391587734222414,0.9860711693763734,1.88136625289917,2.847109079360962,1.0140900611877444,1.8428760766983032,7.984162330627442,1.080535054206848,1.7127165794372559
76,3.5317919254302974,-0.3295309245586395,0.2619556486606598,1.4756009578704834,-0.294707179069519,0.0750281810760498,2.1891307830810547,-0.1903447955846787,-0.010484470054507257,9.492103576660156,-0.22280544042587289,0.0944923982024193
77,1.0192204713821411,-0.6739986538887025,-3.0400099754333496,0.43419709801673884,-0.11828670650720594,2.941540479660034,2.0361485481262207,-0.548757791519165,2.640709400177002,4.5541486740112305,-0.699880838394165,2.8583297729492188
78,4.922707557678223,0.286390095949173,0.025955265387892716,0.5649201273918152,0.5241326093673705,-0.04518828168511391,0.8715994954109192,0.5408719182014466,0.2619710862636566,6.6596598625183105,0.3136358261108398,0.016158446669578552
79,1.7903817892074587,2.157093286514284,-2.8600683212280273,2.191518783569336,2.233200550079346,2.979353666305542,2.241366386413574,2.2687718868255606,3.081441879272461,6.208128452301026,2.2300155162811297,3.1383731365203857
80,0.27632787823677063,0.09005353599786763,-2.788703441619873,2.150953531265259,0.5011246204376221,2.9366066455841064,0.4441812336444854,0.691313683986664,-2.8779780864715576,3.825191736221314,0.44292497634887684,-3.0165042877197266
81,2.580421209335327,1.5317103862762447,-2.784337043762207,2.3223633766174316,1.7127031087875366,-2.5644564628601074,1.941601037979126,1.6902667284011839,-2.8965330123901367,7.336555480957031,1.696579813957214,-2.7016115188598633
82,1.7442597150802615,0.9715263843536376,1.1991550922393799,0.4624151289463043,0.8057364225387573,1.753967523574829,7.03870153427124,1.1725122928619385,1.2127726078033447,9.223386764526367,1.128787398338318,1.2409926652908325
83,2.2122395038604736,0.2578886747360229,1.5877327919006348,1.4018529653549194,0.24872036278247836,1.4434564113616943,3.6948823928833003,0.462896466255188,1.5789676904678345,11.687590599060057,0.3555985093116761,1.4711886644363403
84,0.22268307209014893,-0.6267146468162537,1.935687780380249,1.006984829902649,0.012211679480969876,1.5668916702270508,4.012448787689209,0.14097236096858973,1.8790112733840942,6.553295612335205,0.02262255363166329,1.877110481262207
85,0.48634308576583857,-0.03915440291166313,0.6792571544647217,0.9835085868835448,0.1723506003618241,0.4316057860851288,1.2911821603775024,0.7212184667587282,0.12265174090862274,5.315543174743652,0.3829900920391082,0.46195060014724737
86,0.5351047515869141,1.6431369781494134,-1.8093286752700806,0.22941130399703977,1.2376351356506348,-1.5315539836883545,1.66624653339386,2.0587081909179683,-1.1166342496871948,3.8744339942932124,2.069987535476684,-1.191882848739624
87,4.77139139175415,-2.135289192199707,1.3839890956878662,0.7400510311126709,-2.203806161880493,1.0979949235916138,0.5746135711669922,-1.9539698362350453,1.1890748739242554,5.984076499938964,-2.1685268878936768,1.3439033031463623
88,0.3594388663768769,-2.0129284858703613,-1.4987882375717163,1.3134161233901978,-2.41371750831604,-0.7179028987884523,1.2669576406478882,-1.8489942550659182,-0.6704738736152649,3.344888925552368,-2.1156957149505615,-0.8800216913223268
89,3.291726589202881,0.9273844957351685,-0.5319091081619264,5.5387330055236825,1.0587458610534664,-0.6235450506210327,4.77251672744751,1.1264714002609255,-0.5732297897338867,14.414510726928711,1.0609934329986574,-0.604822039604187
90,0.2293885201215744,-1.3827550411224367,-0.5619187355041503,0.4471794366836548,-0.49330151081085194,-0.7803532481193541,1.2810285091400146,-0.45395162701606734,-1.7715959548950195,1.5797814130783079,-0.8690283298492434,-1.2854697704315186
91,1.0773595571517944,2.104532718658446,2.3449015617370605,1.4037463665008543,2.2136774063110356,2.5635552406311035,3.7996473312377934,2.368019342422487,2.218074083328247,6.690657138824462,2.2671337127685542,2.3299403190612793
92,2.374561071395874,1.0300735235214231,-0.6438251137733458,0.3843197822570801,0.850076675415039,-1.1515955924987793,0.38025382161140436,0.6945856213569641,-0.22353109717369082,3.3445382118225098,1.1817750930786128,-0.7120423913002014
93,2.627274513244629,1.9655021429061894,1.2125663757324219,1.8528662919998171,1.8868652582168577,1.4996724128723145,0.1394055187702179,2.43785381317139,0.28564476966857916,6.066580772399902,1.9153310060501088,1.3668303489685059
94,2.8243541717529297,0.9953637719154356,-1.2480578422546387,1.5590500831604004,0.996519148349762,-1.0938400030136108,2.6905558109283447,1.202984690666199,-1.3555893898010254,10.212494850158691,1.1425305604934695,-1.3088648319244385
95,1.3138539791107176,1.7028365135192873,-1.118485450744629,1.4200799465179443,1.3325181007385258,-0.8870173692703247,0.9559497237205505,1.613995671272278,-1.4458720684051514,6.237492084503174,1.661158323287964,-1.2166918516159058
96,5.046520233154297,-1.8080292940139773,-2.195535182952881,2.342325210571289,-2.1015491485595685,-2.2761478424072266,2.549736738204956,-1.8223438262939462,-2.229990005493164,12.364201545715332,-1.9018770456314082,-2.1866917610168457
97,0.8112080097198486,-0.26076495647430425,-0.9827700853347778,0.7505590915679932,-0.17280550301074973,-1.214919924736023,7.750044822692871,-0.32265290617942805,-1.2511123418807983,11.652083396911621,-0.33996352553367615,-1.1779688596725464
98,1.2528218030929565,-0.32201936841011036,-0.722060799598694,1.0056291818618774,-0.07175157219171521,-0.7626808881759645,0.9976128935813903,-0.9793700575828552,-0.48527538776397705,4.006043910980225,-0.3949404954910279,-0.7277712821960449
99,1.839888572692871,-1.6707936525344853,-2.5839431285858154,0.7072746157646179,-2.034422874450684,-2.110178232192993,1.8292567729949951,-1.9132683277130134,-2.264413833618164,4.195014953613281,-1.908433198928833,-2.3820345401763916
100,1.3580185174942017,1.37518298625946,-2.361381769180298,0.917609453201294,1.0391310453414917,-1.4843201637268066,0.3942922055721283,1.49204421043396,-1.4334958791732788,3.6113793849945073,1.3025518655776978,-2.0517032146453857
101,1.2493311166763306,-0.7019288539886475,-1.4239850044250488,0.7031964063644409,-1.0557785034179685,-2.14538836479187,0.3391460776329041,-1.4853426218032835,-0.925308346748352,4.17971658706665,-0.8569701910018921,-1.5733165740966797
102,0.971447765827179,-1.630577087402344,1.0618064403533936,0.4080543518066407,-1.1675517559051511,1.6857333183288574,0.8848112225532531,-0.743787407875061,1.1793817281723022,3.3804335594177246,-1.4786864519119265,1.1381717920303345
103,1.7461485862731934,1.8576370477676398,-1.3661314249038696,0.5440572500228882,1.5121668577194212,-0.7722699046134949,0.9518727660179139,1.5986746549606325,-0.6306197047233583,5.430225372314454,1.6887271404266355,-1.050378441810608
104,2.3729116916656494,2.0856187343597403,-0.9373493790626525,0.40603178739547724,2.406760692596438,-1.2670868635177612,3.331546306610108,2.284160375595091,-0.6935471892356873,9.117365837097168,2.1757318973541264,-0.8258695602416993
105,0.6066255569458008,-0.2063113301992417,-1.016019344329834,0.21702717244625092,0.5329411625862123,-1.442400336265564,0.48321062326431274,0.7912665605545044,-1.3360114097595215,1.8144773244857786,0.5800699591636659,-1.7463337182998657
106,3.9004647731781006,-1.6623803377151494,0.4783838093280792,5.812641620635985,-1.8161127567291269,0.5322292447090149,7.42514181137085,-1.690596342086792,0.5001163482666016,19.234046936035156,-1.7518593072891238,0.5091012120246887
107,0.7694050073623657,2.207876443862914,2.9658362865448,1.0001118183135986,1.82861053943634,-2.157691240310669,0.6231905221939087,2.3365671634674063,3.057793378829956,2.300161838531494,2.342345952987672,-2.801332712173462
108,0.2815558612346649,0.9802016615867616,-2.9710865020751953,0.8489203453063965,0.7627546787261963,-2.3791892528533936,2.9436299800872803,0.5588560700416565,-2.7096893787384033,4.012483596801758,0.698402464389801,-2.715177059173584
109,0.7187595367431641,-1.761383414268494,1.3965657949447632,0.5253462195396423,-2.122769117355347,1.7566859722137451,0.9085182547569276,-1.2233667373657222,0.9289827942848204,3.4193539619445805,-1.7974519729614247,1.5016119480133057
110,3.6430547237396245,1.368115782737732,-3.1233277320861816,0.9031367301940919,1.3642393350601199,2.9920804500579834,1.936860203742981,1.233897686004639,2.727895498275757,6.613574504852294,1.3215308189392092,3.0060677528381348
111,0.42675900459289556,-0.7922406196594236,-2.285221815109253,1.4649282693862915,-0.6656758189201356,-2.186265230178833,1.9124569892883303,-1.215835690498352,-2.0876176357269287,5.429966926574707,-0.8645378351211548,-2.1836230754852295
112,0.4993604123592376,-1.4057610034942627,1.6969554424285889,2.1006200313568115,-1.3699665069580076,2.2501251697540283,0.7790851593017578,-0.8789355158805846,2.2215511798858643,4.2579874992370605,-1.3962737321853638,2.305257558822632
113,0.541973888874054,2.1381263732910143,0.6958256363868713,0.29918980598449707,2.253512382507323,2.44570255279541,1.713725805282593,2.0921916961669917,1.5146526098251343,3.047423124313355,2.1336994171142565,1.311751127243042
114,2.025214672088623,1.8925052881240843,-1.6756969690322876,0.7914446592330933,1.6338040828704832,-2.136309862136841,2.0710911750793457,1.5823284387588499,-1.678959608078003,6.354603767395019,1.7387844324111934,-1.6495349407196045
115,0.18117232620716092,-2.3138661384582493,1.4019016027450562,0.5204557180404663,-0.8457362651824951,0.35257208347320557,0.45178067684173584,-1.1942856311798096,2.19810152053833,2.009601354598999,-1.2781541347503664,1.0200082063674927
116,0.8229469060897828,1.352605819702148,-1.7872552871704102,0.9311915040016173,1.0861712694168095,-1.2893658876419067,2.5751025676727295,1.0571887493133543,-1.6604669094085693,7.660226821899415,1.1194014549255373,-1.471061110496521
117,2.0227646827697754,0.05616080015897753,1.7761892080307007,2.279123067855835,0.10300870239734648,1.7894301414489746,7.5523834228515625,-0.039477780461311285,1.8645919561386108,17.096559524536133,0.006514080334454755,1.8868308067321777
118,0.7590034604072571,-1.4858783483505251,0.14201028645038605,0.2988131046295166,-0.8307937383651733,-2.3869738578796387,0.4422653913497924,-1.4664829969406135,-0.06256467849016191,1.791031837463379,-1.761473894119263,0.06265071034431458
119,0.5553741455078125,-1.944479465484619,-1.3451950550079346,0.8752585649490355,-1.5374214649200444,-1.457375168800354,1.4988179206848145,-0.9956125020980834,-1.0531114339828491,3.690138101577759,-1.279640555381775,-1.2605124711990356
120,1.9692628383636475,-1.0061780214309692,0.847841203212738,2.0595428943634033,-0.9800159335136414,0.7087056636810303,0.48520669341087336,-1.688283205032348,0.6889875531196594,4.940168857574463,-1.1926032304763796,0.809881865978241
121,0.2698376178741455,-0.43633267283439636,-1.112936019897461,0.49367856979370117,0.31463667750358565,-2.5287985801696777,0.5769670009613037,0.7336372733116149,-2.9602699279785156,1.339621901512146,0.18272374570369723,-2.9236602783203125
122,0.268364280462265,0.6300786733627318,2.1764135360717773,2.5591235160827637,0.38951686024665827,2.0984091758728027,1.5551226139068604,0.7369244694709777,2.2484021186828613,11.832919120788574,0.6007455587387084,2.141219139099121
123,0.5682956576347351,0.5143786072731018,1.5243157148361206,0.5075216889381409,-0.4008507132530212,1.6334490776062012,0.46321052312850947,-0.25232172012329107,0.3436765074729919,2.189958333969116,-0.08470663428306581,1.6112051010131836
124,3.115244150161743,-0.26746162772178644,-1.4076701402664185,2.811768054962158,-0.4643580913543702,-1.36423921585083,2.3746652603149414,-0.10012196749448783,-1.5024789571762085,8.304349899291992,-0.28869298100471497,-1.429194450378418
125,0.5149548053741455,1.3953993320465092,2.8441672325134277,0.5889519453048706,1.3521803617477421,2.9554224014282227,0.7931073904037477,1.8657813072204585,-2.7921366691589355,2.4144845008850098,2.0856716632843,-3.1304116249084473
126,6.019606113433838,-2.205918073654174,-2.4029881954193115,3.777039527893067,-2.075928688049316,-2.408339023590088,1.5962532758712769,-2.2742793560028076,-2.1678950786590576,12.23244857788086,-2.1620535850524902,-2.3556888103485107
127,2.941375970840454,2.245054006576536,-2.009350299835205,0.714984655380249,2.1675519943237322,-1.5251790285110474,2.5292770862579346,2.1450412273406987,-1.9433449506759644,7.043681621551514,2.170420646667481,-1.8731859922409058
128,0.5873110890388489,0.5924350619316102,1.3765268325805664,1.8801690340042114,0.6025965213775635,1.119343638420105,0.5111312866210938,0.7126014232635498,0.4467146098613739,7.106542587280273,0.5140727758407592,1.1474798917770386
129,0.4637468159198761,-1.5535825490951545,2.4821486473083496,0.3715205788612366,-0.690658450126648,2.7800521850585938,1.8469419479370117,-1.682893514633178,2.483834981918335,2.9215850830078125,-1.501538872718811,2.5871591567993164
130,1.0326322317123413,-1.4792066812515257,1.2222265005111694,0.27693015336990356,-1.617722868919373,2.0288336277008057,0.6000859141349792,-0.6177655458450317,1.2060155868530273,2.835319280624389,-1.0935651063919067,1.4873491525650024
131,2.1329362392425537,1.193877458572388,1.4489046335220337,2.2195310592651367,1.1956331729888914,1.3706320524215698,3.707135915756225,0.8927731513977052,1.3291287422180176,10.278045654296875,1.0204192399978638,1.3651641607284546
132,0.6025905013084412,-0.11665464192628858,-3.0187718868255615,3.496779918670654,-0.18450023233890528,-2.942890167236328,0.3820527195930481,-0.5640715956687927,3.1065218448638916,9.11677074432373,-0.07478526979684821,-3.026968240737915
133,1.2690500020980835,-0.3266767859458922,1.5014744997024536,1.1940382719039917,0.021924624219536747,0.9693321585655212,0.7535921931266786,0.3422510623931885,1.0955172777175903,3.7570965290069576,-0.13233417272567755,1.2956520318984985
134,0.41737228631973267,-1.5684039592742918,-2.5011141300201416,0.2943323254585266,-1.7389571666717523,2.9670450687408447,2.4072513580322266,-1.4196252822875979,-2.2587943077087402,5.496857166290283,-1.4560787677764897,-2.235145330429077
135,0.4826746881008149,-1.967163205146789,0.27587810158729553,3.8581461906433105,-1.5760446786880495,0.3498850166797638,5.908626079559326,-1.6073118448257449,0.34930118918418884,15.535935401916506,-1.6733177900314322,0.35054051876068115
136,0.8209203481674195,0.3710449934005737,-3.025451183319092,3.2333936691284184,0.33983850479125965,3.0074634552001953,1.0070958137512207,0.09049698710441591,2.755892515182495,5.37712287902832,0.23350176215171817,3.0215516090393066
137,0.689398467540741,0.3583499491214752,2.8341658115386963,0.841117262840271,0.5549113154411315,-3.096508264541626,1.2883104085922241,0.9860097169876099,-2.899317502975464,6.455348491668702,0.6069633364677428,-3.1287715435028076
138,3.2210972309112553,0.8217434287071226,-2.8023576736450195,0.9092594981193544,0.9659393429756165,-2.9063472747802734,1.4865756034851074,0.5724907517433167,-3.0063517093658447,5.659141540527344,0.8014659881591797,-2.831683874130249
139,1.3050282001495361,1.5826220512390141,-2.345351457595825,1.8571032285690308,1.7292701005935667,-2.0476906299591064,2.7531321048736572,1.834681630134583,-2.056588649749756,9.435705184936523,1.6619679927825919,-2.1040725708007812
140,3.8538999557495117,-1.6583343744277963,1.755350947380066,0.5462061762809753,-1.4351330995559692,2.066473960876465,0.35350000858306885,-1.3587441444396977,2.112549066543579,5.16480827331543,-1.6571803092956545,1.9051917791366577
141,0.7216330170631409,-1.003513216972351,-0.014148681424558163,1.506653904914856,-1.0383982658386228,-0.7423350811004639,0.42703762650489807,-1.2174017429351802,0.14273725450038913,2.273555278778076,-1.2474602460861204,-0.4174286723136902
142,2.5181992053985596,0.22233171761035925,0.8795946836471557,1.7602052688598633,0.33138340711593645,1.1676983833312988,0.6177954077720642,0.21597225964069375,1.438738465309143,10.203215599060059,0.26612997055053705,1.12996506690979
143,1.3171443939208987,-1.9100618362426747,1.4466685056686401,0.8343915343284607,-1.8329095840454102,1.6084330081939697,0.5535609722137451,-2.482821702957158,0.7594826817512512,5.594165802001953,-2.0239279270172124,1.2470707893371582
144,1.857501983642578,-1.0375187397003178,-2.8934226036071777,0.5797262787818909,-1.890416145324707,-2.736928939819336,0.6830447912216185,-1.6844660043716435,-2.911339521408081,3.7591536045074463,-1.2971127033233645,-2.882675886154175
145,0.4128145873546601,-0.46940946578979487,-1.9807637929916382,0.2926082909107208,-0.5331087112426757,-2.848137140274048,1.2757184505462646,-0.5317136645317075,-0.9922898411750795,1.559240460395813,-0.5492492318153381,-1.322040319442749
146,3.6053659915924077,-2.2295348644256587,2.6479504108428955,2.2659974098205566,-2.270822525024416,2.2828633785247803,1.3510377407073975,-2.243740081787112,2.724942445755005,8.563373565673828,-2.2285087108612074,2.5156242847442627
147,0.9675322175025939,1.991930603981018,1.8147472143173218,5.006680488586426,2.0967459678649907,1.949366807937622,0.28751903772354126,2.3283524513244642,1.3400646448135376,8.95432186126709,2.1803281307220446,1.873813509941101
148,0.8947027921676637,-0.02672846987843517,1.4901946783065796,2.300762891769409,0.3112336397171021,1.651172399520874,0.796474277973175,-0.1097392812371254,1.3054239749908447,5.031398296356201,0.08400663733482358,1.42705237865448
149,1.558607816696167,-2.18506097793579,2.6966493129730225,0.512765645980835,-1.8028068542480458,2.5981204509735107,5.103231430053711,-2.1082391738891593,2.6174001693725586,9.276187896728516,-2.108775854110716,2.5517587661743164
150,2.4429521560668945,-0.5273212790489198,-1.6873432397842407,0.8719693422317504,-0.539493441581726,-1.5820101499557495,0.22990812361240387,-1.1909712553024294,-1.241632342338562,5.187285900115967,-0.46888643503189087,-1.498018503189087
151,1.4151934385299685,-0.611235499382019,-2.971672534942627,1.2396533489227295,-0.5883703827857972,-3.030017375946045,1.0731333494186401,-1.2033162117004392,-2.803741455078125,4.1725592613220215,-0.9333969354629517,-2.9027791023254395
152,4.417275428771973,1.2270065546035764,2.029460906982422,1.0675978660583496,1.020408272743225,2.504209280014038,2.3077054023742676,1.3471639156341553,2.0945096015930176,8.811356544494629,1.2628782987594604,2.1375226974487305
153,4.381933212280273,-2.0222280025482178,-0.19244462251663205,0.2617938816547394,-1.5071737766265871,-0.017428472638130188,2.444817304611206,-2.1193823814392077,-0.1648012697696686,8.583962440490723,-2.0190320014953618,-0.22625699639320376
154,0.9057027101516724,-0.7679204344749451,2.2812163829803467,1.003448486328125,-0.7575504183769227,2.1438193321228027,1.425444483757019,-0.6584789156913757,1.4076060056686401,3.807686090469361,-0.7691585421562194,1.7532083988189697
155,0.4554498791694641,0.5673061609268188,1.2654495239257812,0.2510519325733185,0.29715660214424144,1.4190024137496948,0.3934978544712066,-0.8487706780433655,2.372222661972046,3.0019319057464595,-0.22103369235992432,1.5853734016418457
156,3.1895077228546143,-0.46431285142898554,-2.503427505493164,3.5939433574676514,-0.6420680284500122,-2.314976692199707,1.7529797554016113,-0.7665497660636901,-2.564460039138794,9.716002464294434,-0.6155186891555787,-2.4001197814941406
157,2.474832534790039,-1.07988166809082,2.276854991912842,1.1879664659500122,-1.7236487865447994,2.159532070159912,2.9810781478881836,-1.2934389114379883,2.259592294692993,8.098899841308594,-1.2954492568969733,2.2446277141571045
158,3.2763326168060303,0.05365640670061116,-0.10495520383119583,0.9905958771705627,0.24041125178337094,-0.35616201162338257,2.187631607055664,0.1300178915262222,0.16377933323383329,7.8907713890075675,0.10688867419958112,0.011790407821536064
159,0.5086193084716797,-0.6555788516998291,2.8413796424865723,1.7963906526565552,-0.6311211585998534,2.947777509689331,1.5538549423217773,-1.1492716073989864,2.732614517211914,8.48944091796875,-0.8295692801475525,2.892918348312378
160,0.5019410252571106,1.9718111753463754,2.3615036010742188,0.9162302613258362,1.8731576204299931,1.5548944473266602,0.30376496911048895,1.0738209486007688,1.4444224834442139,3.584967851638794,1.7177863121032722,2.0360724925994873
161,2.177521228790283,1.1372263431549077,-0.277204841375351,1.0827516317367554,0.8773067593574523,-0.6192561388015747,1.579237222671509,0.9049699306488036,-0.6534266471862793,6.275241374969483,1.0333907604217527,-0.5850203633308411
162,0.8857012987136842,0.9057464599609375,-1.1055327653884888,2.002668857574463,1.4786242246627816,-1.4421839714050293,0.6250117421150208,1.250304222106934,-1.872286081314087,5.3187079429626465,1.269789695739746,-1.357009768486023
163,0.5860168933868408,1.5278028249740598,-2.691326141357422,0.7121230959892273,1.5591760873794558,-2.6721744537353516,2.9338996410369873,1.2417463064193726,-2.217076539993286,5.451075077056885,1.378953337669373,-2.4766111373901367
164,5.1182966232299805,-2.0089306831359846,1.034834861755371,11.601874351501465,-1.9719226360321032,1.05482017993927,7.030343532562256,-2.0546910762786874,1.078743815422058,41.42251968383789,-1.9854542016983034,1.0713014602661133
165,3.701833724975586,-1.1805869340896606,2.8493359088897705,1.1691689491271973,-1.3886302709579466,2.712641477584839,1.5277599096298216,-0.9384285211563111,2.9346518516540527,9.191168785095215,-1.1204808950424194,2.784217119216919
166,1.8128564357757568,0.40238437056541443,-2.5229332447052,3.52536153793335,0.5111218094825746,-2.692384719848633,1.5003657341003418,0.7791164517402649,-2.7426302433013916,12.578839302062988,0.6015083789825441,-2.6450576782226562
167,0.4154357314109803,0.057171445339918144,-2.1570777893066406,1.1897640228271484,0.11428531259298327,-1.3307709693908691,1.2650033235549927,-0.6281290650367738,-1.4904990196228027,3.7217516899108887,-0.2943072319030763,-1.4815802574157715
168,18.677310943603516,-0.5742948651313783,2.429229259490967,19.47068977355957,-0.5578572750091552,2.4563565254211426,6.735999584197998,-0.5307130217552184,2.4723174571990967,74.49899291992188,-0.56280118227005,2.4358041286468506
169,2.7982680797576904,2.2453646659851056,-1.044783353805542,0.36368525028228765,2.1975185871124268,-0.576869547367096,1.8351237773895266,2.2477991580963113,-1.3407329320907593,6.673248291015625,2.208871364593508,-1.0413581132888794
170,2.934950828552246,2.0233287811279297,0.17422154545783994,0.6514637470245361,2.1083858013153067,-0.15954414010047913,0.8916014432907106,1.7631427049636845,-0.23450036346912384,9.240943908691406,1.9616925716400158,0.1417095214128494
171,1.5480408668518066,-0.2496396899223328,2.5563344955444336,1.5059753656387327,-0.2631142139434816,2.2733492851257324,7.176136493682861,-0.4418014883995056,2.5186729431152344,12.306964874267578,-0.4237859547138214,2.4907760620117188
172,1.8969734907150269,-1.6334456205368049,-1.6555912494659424,1.2864832878112793,-1.5464587211608887,-1.3990460634231567,0.329471230506897,-0.783114850521088,-1.9795641899108887,3.650197744369507,-1.5827471017837524,-1.6819989681243896
173,0.8374602794647217,-0.5636385679244997,-0.11491820961236954,0.44772654771804804,-0.1599472612142563,-0.5168668031692505,0.6084238886833191,-1.291994571685791,-0.28658127784729004,2.68466854095459,-1.0862832069396975,-0.39364147186279297
174,2.8920874595642094,-1.8177571296691901,-2.975374698638916,0.7712779641151428,-1.786687374114991,-2.793327569961548,1.5231691598892212,-2.1750259399414062,-3.039172410964966,5.152663707733154,-1.9867718219757096,-2.9936556816101074
175,1.2022842168807983,-0.4235624074935913,1.879652500152588,1.0998239517211914,-0.34033545851707453,1.7957377433776855,4.799894332885742,-0.3382938504219056,1.5142295360565186,10.926911354064941,-0.30986115336418146,1.575498342514038
176,1.0244628190994263,-0.8922101259231565,-2.4496302604675293,0.2969749867916107,-0.26108080148696905,-2.112029552459717,1.1009777784347534,-1.1319997310638426,-2.8330843448638916,4.601643085479736,-1.1504034996032715,-2.5826797485351562
177,1.4136080741882326,-0.6580089926719664,-0.34313905239105225,1.6514558792114258,-0.9075694084167482,-0.12268888205289841,0.6558855772018433,-0.49783894419670116,0.38242572546005255,4.954946994781494,-0.9001864790916443,-0.16129246354103088
178,1.003790259361267,0.3116847276687622,2.0840859413146973,1.2244348526000977,0.33602821826934814,2.312836170196533,1.7200759649276733,0.08743366599082947,1.8621991872787476,7.303464889526367,0.08364006131887429,2.0967233180999756
179,0.4424728453159333,-0.09829466044902799,1.8706214427947998,4.151667594909668,-0.2931846380233765,1.4880727529525757,0.209786981344223,0.11715677380561831,1.3213891983032227,6.102502346038818,-0.30125373601913447,1.620403528213501
180,3.679742097854614,1.6693776845932005,2.5114574432373047,2.1460466384887695,1.9596778154373158,2.4877331256866455,0.8213947415351869,1.6400682926177974,2.9154694080352783,7.131986618041991,1.7690054178237913,2.5918805599212646
181,4.451422691345215,-0.31209006905555725,-0.4066125154495239,0.5472014546394347,-0.05995765700936314,-0.23210839927196505,1.639278531074524,-0.5339962840080261,-0.5368660688400269,7.070083141326904,-0.3463309407234191,-0.4746071994304657
182,1.205864071846008,0.4977779388427735,0.3867123425006867,0.426075428724289,1.0956583023071285,1.6509791612625122,0.7762672305107117,0.8495903015136718,0.17807352542877197,2.904966115951538,0.9248042702674866,0.6082977652549744
183,0.9616183042526246,-0.09397538751363754,-0.13829752802848813,0.4272221624851226,-0.8403928875923156,-1.25291109085083,0.9006630182266236,-0.20569559931755063,-0.16804373264312744,3.386502742767334,-0.45775157213211065,-0.480233520269394
184,1.2593063116073608,1.6959754228591921,-2.868004560470581,3.6384799480438237,1.8555212020874035,-3.0066840648651123,3.881105422973633,1.736924767494202,3.122053623199463,9.691630363464355,1.8339760303497314,-3.073303699493408
185,1.3079626560211182,0.14188572764396667,2.015338182449341,1.7471753358840942,-0.33076322078704823,2.0006353855133057,1.7981983423233034,-0.3016062378883361,1.9475585222244263,5.383658409118652,-0.17959511280059812,1.8994603157043457
186,3.043433904647827,-1.382956862449646,1.0884404182434082,1.368506669998169,-1.5280911922454836,0.9360968470573425,1.6245422363281248,-1.0366094112396242,1.086983323097229,11.738551139831543,-1.3512949943542485,1.0629304647445679
187,0.683519721031189,0.7721648216247556,-1.6953272819519043,1.2385751008987427,0.7455403804779052,-1.9153974056243896,2.5159614086151123,1.2461916208267214,-1.997885823249817,5.132323265075683,1.1087666749954226,-2.007559299468994
188,2.4923038482666016,1.2212117910385132,2.6260476112365723,1.5463001728057861,1.4306386709213255,2.5364909172058105,6.103064537048339,1.3773425817489624,2.5297324657440186,11.767414093017578,1.388978958129883,2.518526554107666
189,2.5140628814697266,-1.4764409065246582,-1.151187539100647,1.1040548086166382,-1.0594186782836916,-0.8793902397155762,0.9452499151229857,-1.1694170236587524,-0.9937121272087097,10.044029235839844,-1.2532539367675783,-1.07254958152771
190,0.5357854962348938,-0.9795259237289428,-2.399965524673462,0.29375946521759033,-0.9765207171440126,-2.772587299346924,1.4753136634826662,-0.7261102795600891,-1.8239997625350952,3.827960729598999,-0.844074070453644,-1.7952789068222046
191,0.6963093280792236,0.03188186883926388,0.8397215008735658,0.5223787426948547,0.14829942584037786,1.0493699312210083,3.5174787044525146,-0.272742599248886,0.9837161898612976,6.383388996124268,-0.1483112126588822,0.8487870097160339
192,0.9408443570137024,1.38730263710022,1.0942307710647583,1.2914313077926636,1.7727845907211301,0.7757196426391602,0.3009890019893646,1.8296765089035036,-0.3741655051708222,3.564405679702759,1.8397250175476076,0.6625946760177611
193,2.661169528961181,1.864129424095154,2.8689398765563965,0.9337965846061705,2.056557416915894,-2.9843573570251465,0.8424367904663086,1.3643004894256596,-2.9624154567718506,5.804592132568359,1.8040670156478884,3.0304577350616455
194,2.9692986011505127,-1.158664584159851,0.925537109375,0.49105739593505865,-0.921072781085968,1.6375141143798828,2.2564170360565186,-1.240092635154724,1.0430216789245605,7.679388999938965,-1.1693019866943362,0.9654468894004822
195,0.8176669478416443,1.6314429044723506,2.985461473464966,1.0941301584243774,2.089401245117187,-2.855009078979492,1.0773779153823853,1.7994297742843628,-2.654785394668579,6.126256942749024,1.7377868890762327,-2.863696575164795
196,1.1963499784469604,-0.729964077472687,0.1961558610200882,2.924721717834473,-0.637594699859619,0.13010446727275848,3.285058259963989,-0.8592710494995119,0.1883002519607544,11.578473091125488,-0.7816864848136903,0.08173451572656631
197,1.9117829799652097,0.741026520729065,-1.9701112508773804,1.1788381338119507,0.765726089477539,-2.1567606925964355,0.8693545460700989,0.3188241422176362,-1.574730396270752,6.2689294815063485,0.6824059486389161,-1.8205735683441162
198,0.7405034303665161,1.3026438951492314,2.181035280227661,1.1855196952819824,1.031363248825073,2.6758882999420166,0.5953601002693176,1.7759149074554443,2.9734864234924316,3.3474304676055913,1.5716822147369383,2.51562762260437
199,0.8716980218887329,0.429875761270523,2.269727945327759,0.6441022753715515,-0.3684157133102417,2.2030599117279053,0.6861398220062256,-0.029426112771034196,3.0678718090057373,4.349318504333496,0.10637475550174716,2.379622220993042
200,9.31418514251709,-0.5574678182601929,2.181617498397827,6.158558368682861,-0.6030145883560181,2.1977591514587402,2.193638324737549,-0.7311065196990968,2.2789254188537598,22.4674129486084,-0.615640103816986,2.216869354248047
201,1.1711474657058716,-1.7147456407547,2.760059118270874,0.8950486779212952,-0.989009201526642,2.913800001144409,0.28444334864616394,-1.3135278224945066,1.689370036125183,2.2520928382873535,-1.4998412132263186,2.812032461166382
202,0.6391226053237915,1.6581611633300777,2.2055823802948,0.5712169408798218,1.7509516477584834,2.131621837615967,0.4928752183914185,0.8006427884101868,3.0001742839813232,3.6743659973144536,1.4498000144958498,2.6453094482421875
203,0.5777795314788818,-2.0311512947082506,-1.0132486820220947,0.6944143772125244,-1.3270840644836426,-1.1789697408676147,1.55542254447937,-1.8672004938125606,-1.716909646987915,5.365442752838135,-1.8714505434036268,-1.4640874862670898
204,0.5573028922080994,1.6067864894866948,3.023571491241455,0.7156140804290771,1.119267225265503,2.1028635501861572,1.1845035552978516,1.029005765914917,2.5157525539398193,2.735532522201538,1.3786029815673821,2.2890710830688477
205,2.4525930881500244,-0.21872350573539737,1.7449227571487427,0.7511640191078186,-0.33709803223609924,1.8774610757827759,1.3711843490600586,0.07369882613420496,1.8268412351608276,4.879178524017334,-0.09115661680698399,1.7249244451522827
206,1.9341846704483032,1.5612344741821287,-2.4782276153564453,0.6782693862915039,0.8843905925750734,-2.1693427562713623,0.5282565355300903,1.8879568576812749,-2.371952533721924,5.651293754577637,1.5910122394561765,-2.4044737815856934
207,0.9016252160072327,1.0970958471298216,3.0369701385498047,0.4604093134403228,0.599159300327301,2.990053176879883,0.2757434248924255,1.0762130022048952,-1.8646525144577026,1.4048067331314087,0.9895607829093933,-2.998486280441284
208,3.464629650115967,-0.270570158958435,1.852101445198059,0.5319312810897827,-0.4567212462425233,2.1242411136627197,2.3396100997924805,-0.3739200234413146,2.0723934173583984,6.622650146484374,-0.331132173538208,2.01120662689209
209,6.128366947174072,0.6470533013343812,3.022465467453003,0.4393535256385804,0.23139880597591392,2.856900215148926,1.1171821355819702,0.8418862819671633,2.9545886516571045,8.885988235473633,0.6825785636901855,3.0498383045196533
210,0.5234964489936829,0.11585059016942975,0.0028494300786405797,0.2296745628118515,0.65544855594635,0.34415400028228754,1.501585602760315,0.24676132202148443,-0.8661938309669495,3.7120513916015625,0.2326337397098541,-0.7460333108901978
211,0.8488901257514954,2.191044092178344,1.2193975448608398,0.6710487604141235,2.4628632068634033,0.9950050711631775,0.28406384587287903,2.4709877967834486,2.9045803546905518,1.8355413675308228,2.590023040771482,1.6564851999282837
212,6.492021560668945,-2.116013765335083,-0.11413664370775223,1.6912128925323486,-2.2966728210449205,-0.17518228292465207,7.353407382965089,-2.111279726028443,-0.03878581523895264,22.763017654418945,-2.130668640136717,-0.05799156799912453
213,2.896547317504883,0.8933753967285157,1.5980699062347412,2.652151823043823,0.7926180958747866,1.54633367061615,0.42022228240966797,1.2463735342025755,1.238803505897522,6.936161518096923,0.9049914479255676,1.4669092893600464
214,1.0581912994384763,2.333860397338868,1.548170566558838,2.056462049484253,2.4518177509307892,1.1028635501861572,0.681013822555542,2.429408311843873,0.6392597556114197,6.844812393188477,2.389119386672975,1.0915716886520386
215,0.6226428747177124,-0.8258423805236818,-0.6873076558113098,0.35731813311576843,-0.08336685597896577,-0.43374162912368774,2.324572801589966,-0.7325140833854673,-1.0055334568023682,7.742568016052246,-0.6236393451690674,-0.8714180588722229
216,1.0760666131973267,1.536534905433655,2.0774121284484863,0.7480521202087402,1.3308073282241821,1.7397741079330444,0.652689516544342,2.197139024734496,1.916581630706787,2.45076060295105,1.9599344730377186,1.9968189001083374
217,2.472015142440796,-0.6349275708198547,-2.7183609008789062,0.33856427669525146,-0.9381998777389526,-3.0843257904052734,5.479094505310059,-0.5524303913116455,-2.820578098297119,12.888253211975098,-0.6570284366607666,-2.809985876083374
218,0.9734260439872743,-0.7104886174201965,-2.63130521774292,1.273099660873413,-0.7953115105628967,-3.0618391036987305,6.208468437194823,-0.7470942735671998,-2.971635580062866,10.482169151306152,-0.7338873147964476,-2.8863437175750732
219,1.781861424446106,0.4179188013076784,0.31591013073921204,1.1735038757324219,0.1722639948129654,-0.06430310755968094,2.36909818649292,0.5117498636245728,0.20137342810630798,6.812364101409912,0.49559235572814947,0.12037310004234314
220,0.3207455277442932,0.4125118851661682,1.6441997289657593,0.21746417880058289,0.4488991200923919,-2.7118988037109375,0.6137667298316956,-0.9810073971748352,2.1994364261627197,0.9662429094314576,-1.0500050783157349,2.0882279872894287
221,3.82776951789856,1.9728051424026483,-1.3706233501434326,4.462091445922852,1.9913207292556776,-1.4677200317382812,0.2840789258480072,1.7564897537231445,-1.1870909929275513,8.500617027282715,1.9903438091278076,-1.4159151315689087
222,0.6214123368263245,0.5968111157417297,2.852872610092163,1.3050868511199951,0.8003329634666444,2.8154053688049316,1.343832015991211,1.3891810178756716,2.6959497928619385,3.2614898681640625,1.0387996435165405,2.8052217960357666
223,1.2527118921279907,1.898750662803651,-1.6333953142166138,4.510363578796387,2.0806400775909424,-1.401831865310669,0.42534592747688293,2.318676948547364,-1.2287700176239014,6.15245008468628,2.070941925048828,-1.4298354387283325
224,1.5744221210479736,0.315011352300644,2.435760736465454,15.042766571044922,0.40629166364669805,2.298006296157837,1.6407114267349243,0.42243567109107977,2.429048538208008,30.012615203857422,0.38029626011848444,2.3194491863250732
225,0.6077784895896912,-1.3859106302261353,1.7665923833847046,0.26391300559043884,-2.3753876686096205,3.0931637287139893,0.5881489515304565,-2.2389707565307604,1.291253685951233,1.558814525604248,-2.374237775802612,2.1725518703460693
226,0.6309760808944702,1.1883150339126587,-2.8884904384613037,0.38167813420295715,0.6844825148582458,-2.709461212158203,0.7430064678192139,1.3781384229660032,1.9850355386734009,2.40215015411377,1.355774521827698,2.9503209590911865
227,0.8118699789047241,0.43173047900199885,1.739197850227356,0.5916205048561096,0.24401582777500147,1.6771025657653809,2.581552505493164,0.6378763914108276,1.6003844738006592,7.078369617462158,0.519925653934479,1.8127825260162354
228,1.2901746034622192,0.5256158709526061,-1.4340208768844604,1.377480387687683,0.13375879824161532,-1.1094690561294556,0.8025500774383545,0.2662902176380158,-0.5193676948547363,3.9852352142333984,0.2374434322118759,-1.059949278831482
229,1.3969719409942625,-0.3675553798675537,-1.066323161125183,0.5024476051330566,-0.32109597325324996,-1.3398091793060303,3.20059061050415,-0.612769901752472,-0.8969306945800781,9.913082122802734,-0.45137107372283924,-1.0372408628463745
230,1.433814287185669,-0.22120314836502078,-1.3503077030181885,1.570097804069519,-0.2173352688550948,-1.5389240980148315,0.3143710494041443,-0.060932978987693724,-2.2697365283966064,3.341907262802124,-0.1856816112995148,-1.4055174589157104
231,0.6363183259963989,1.7301179170608518,0.2942349314689636,2.271472215652466,1.6700104475021356,0.7314320802688598,3.3469884395599365,1.4001153707504272,0.8138848543167113,6.995380878448487,1.5393737554550173,0.7804969549179077
232,0.9792069792747496,0.41425684094429027,-1.9375914335250854,0.6176106333732605,0.63546222448349,-2.1058785915374756,3.1298317909240723,0.16139306128025058,-2.1826565265655518,8.252734184265137,0.3880553245544435,-2.0832741260528564
233,1.2606834173202512,-1.546515226364135,-0.7563439607620239,0.4189655780792236,-2.303184986114505,-1.0338637828826904,1.4775432348251343,-2.222173213958741,-0.4314685165882111,4.639122486114502,-2.076096296310423,-0.5751774311065674
234,0.7822365164756775,-0.46541169285774225,-1.8696829080581665,0.649272084236145,-0.4519585072994234,-2.1062870025634766,2.2582736015319824,-0.3002430498600006,-1.5150943994522095,6.106902599334717,-0.28532168269157415,-1.8261421918869019
235,0.29426831007003784,-2.0269637107849117,2.178715705871582,2.2608323097229004,-2.0514724254608163,-2.9703848361968994,0.860389769077301,-1.896597266197206,-2.799703359603882,4.889474868774414,-1.9896404743194596,-3.1138739585876465
236,0.35868480801582336,-0.638241708278656,0.8054830431938171,2.3855028152465825,-0.4795413315296172,-0.20067490637302396,2.0017247200012207,-0.2807156145572662,-0.009031791239976883,6.395172595977784,-0.40803101658821106,0.0037072179839015003
237,1.7013953924179075,-0.30635115504264837,-2.4132211208343506,3.1558589935302734,-0.12321132421493523,-2.330017328262329,1.5304548740386963,0.1170728206634522,-2.5078248977661133,6.566627025604248,-0.08559318631887436,-2.3699920177459717
238,0.4195903539657593,-0.9513000845909119,-0.020243966951966286,2.233011484146118,-1.6831463575363161,-0.33447927236557007,0.24038079380989072,-2.3117294311523424,-0.788884699344635,3.2469546794891357,-1.8263090848922738,-0.23745885491371155
239,2.0773775577545166,1.8771311044692982,0.15681961178779602,0.6274284720420837,2.2596001625061035,0.14393968880176544,0.795708954334259,1.4379293918609621,0.7815721035003663,4.551296234130859,1.8607095479965208,0.20784865319728854
240,2.1835203170776367,0.1455902308225631,1.6970142126083374,2.736222267150879,0.11743765324354172,1.3193024396896362,0.6671651601791382,0.3381815254688263,1.7112452983856201,7.0092453956603995,0.09639267623424531,1.4585907459259033
241,0.5442459583282471,-0.4622413516044617,-2.14089035987854,0.27670130133628845,0.6627722978591919,-2.8209035396575928,2.205549716949463,0.19914917647838598,-2.1646854877471924,5.7036428451538095,0.15619607269763947,-2.300697088241577
242,4.563554763793945,0.5845079421997069,-3.009700059890747,2.989119529724121,0.42860868573188776,-2.97360897064209,5.924144268035889,0.43062782287597645,-3.109161138534546,17.655841827392578,0.4764811992645264,-3.0731356143951416
243,0.5758305788040161,-1.8477879762649527,-0.17979425191879272,1.237122654914856,-1.7808243036270135,0.8931534886360168,1.0106292963027954,-1.2902977466583254,0.4641169607639313,2.7946059703826904,-1.8559213876724237,0.5841422080993652
244,2.627516031265259,1.413531422615051,2.891481399536133,0.5849601626396178,1.243452072143555,2.405447244644165,4.267261505126953,1.545650243759156,2.737473487854004,8.127900123596191,1.4612047672271729,2.738373279571533
245,0.7789629697799683,-1.053038001060486,0.7448520064353944,4.400185585021973,-1.1768178939819338,0.8332447409629822,0.302481472492218,-0.8796907663345335,0.4599732160568238,6.098342895507813,-1.119733452796936,0.8684224486351013
246,0.6147359013557434,0.36654335260391246,-1.3260923624038696,0.8462978601455688,0.35817500948905945,-1.4394996166229248,0.7283622622489929,0.5720352530479431,-0.24144405126571655,2.9026093482971196,0.6348647475242615,-0.8474051356315613
247,0.7059117555618286,-0.8090118169784547,-1.36344313621521,0.8682430386543274,-1.0467914342880251,-1.5589187145233154,4.31578254699707,-0.7425570487976075,-1.721683382987976,6.218649864196777,-0.8593266010284425,-1.699402093887329
248,5.621084690093995,-0.3621636629104614,1.4388641119003296,0.6687188148498535,-0.19223482906818387,1.1765745878219604,0.38302490115165716,-0.08715463429689403,1.2862560749053955,6.850613594055177,-0.3782886564731597,1.3981337547302246
249,0.4402583837509155,-0.3593041598796845,2.1075215339660645,0.6066336035728455,0.37608101963996887,2.901812791824341,1.0236274003982544,0.6566211581230164,2.3976378440856934,2.451951026916504,0.6445190310478212,2.6144022941589355
250,1.2353190183639526,0.7541120052337646,-1.3625003099441528,0.22905106842517853,1.100276708602905,-1.7615548372268677,1.7240777015686035,1.1448571681976318,-1.2767791748046875,4.490837574005127,0.8413121700286865,-1.290208339691162
251,0.43610349297523493,-1.2146767377853394,0.9425355195999146,1.5561087131500244,-1.0268926620483398,0.4114972949028015,1.1916106939315796,-0.8855465054512023,-0.033690258860588074,3.5129120349884033,-0.9529858231544496,0.39158043265342707
252,0.5990722179412842,-1.840089321136475,-1.83974027633667,0.6145790219306946,-1.8425022363662713,-1.1752254962921143,3.7748184204101567,-2.2370634078979497,-1.550919771194458,6.847537994384766,-2.2088670730590807,-1.4885976314544678
253,0.9604942798614502,0.8728324174880981,-0.6157467365264893,1.6221193075180056,1.38931143283844,-0.005228941794484853,1.7599098682403564,0.8993516564369203,-0.16977824270725253,4.331412315368652,1.1021406650543213,-0.21621346473693848
254,0.9363500475883484,-1.4217002391815186,1.7145121097564697,2.6117048263549805,-1.7542710304260254,1.7364596128463745,1.579103708267212,-1.8433436155319216,1.3294354677200317,7.509273052215576,-1.6769137382507322,1.6399184465408325
255,1.3690029382705688,-0.26134905219078064,1.359803318977356,1.1417754888534546,-0.2715811133384705,1.1930702924728394,3.271002054214477,-0.25195190310478216,1.3857332468032837,6.245988368988037,-0.1919890344142913,1.3796533346176147
256,0.8740544915199279,-0.5798023343086244,-1.1750637292861938,0.5979252457618713,-0.7350767254829407,-0.9019960761070251,2.0056986808776855,-1.09720778465271,-1.5288549661636353,4.987655162811279,-0.9780578017234803,-1.2191197872161865
257,1.2158403396606445,1.2617641687393186,-0.5832096934318542,1.2809594869613647,1.2464818954467771,-0.6684017181396484,0.4621155261993408,0.8185732364654542,-1.3279093503952026,3.1394383907318115,1.3544683456420898,-0.8826112151145935
258,0.4683148860931396,1.1664036512374878,1.630186676979065,0.23562183976173404,-0.3190171122550963,3.1367673873901367,0.5726896524429321,0.8258075714111328,3.0442099571228027,1.639404296875,0.6591314077377319,2.2617733478546143
259,0.23959948122501376,0.32183670997619623,3.0389320850372314,0.32128530740737915,-0.2472484856843948,2.0751640796661377,1.0112144947052002,0.34966060519218456,1.821114182472229,3.0721948146820073,0.6415461897850037,2.0984127521514893
260,0.164683997631073,-0.4787071347236634,0.22250606119632718,0.7066781520843506,-0.7224143147468565,0.38702118396759033,1.6850929260253906,-0.5579620599746704,0.9787464737892151,3.006742477416992,-0.7745308876037598,0.5592564344406128
261,0.7622116208076477,-1.7610079050064085,0.666978657245636,0.16099384427070618,-2.3897078037261985,0.742730438709259,3.3843648433685303,-1.7562202215194704,0.2638310492038727,8.373745918273926,-1.7096277475357053,0.2994488775730133
262,2.847397804260254,1.6367776393890376,2.583937883377075,1.1163121461868286,1.8495614528656,2.2585039138793945,4.078858852386475,1.6803437471389775,2.5085835456848145,12.818269729614258,1.750229358673097,2.539956569671631
263,0.6291099786758423,0.21595555543899536,-0.07951544970273972,2.4981865882873535,0.7577674984931946,-0.35933917760849,0.3807123303413391,-0.10199050605297089,-0.5179470181465149,4.691357135772705,0.534839928150177,-0.4184912443161011
264,0.8688002228736877,-1.5405195951461799,0.7048666477203369,0.9013195037841797,-1.5129067897796633,1.1132805347442627,0.8452361226081848,-0.8562718033790587,0.6352251172065736,3.9637541770935063,-1.272814750671387,0.6372649669647217
265,0.30562251806259155,-1.1376487016677852,-1.4569666385650635,0.6004879474639893,-0.5013271570205688,-1.0164356231689453,0.6725091934204102,-1.0062732696533203,0.4520327150821685,1.3652583360671997,-0.8932368159294126,-0.37669622898101807
266,3.9719390869140625,0.0302589014172554,1.009414553642273,1.1408840417861938,-0.21250052750110632,1.0332750082015991,1.97834312915802,0.19596850872039806,1.2498887777328491,9.72213363647461,0.09649448841810229,1.0890768766403198
267,0.8477171063423157,-1.9327244758605953,3.0764787197113037,3.7587721347808833,-1.5843536853790274,2.826260566711426,0.6049693822860718,-1.9156742095947266,2.5888848304748535,5.827059745788574,-1.784046292304994,2.796560049057007
268,5.8107290267944345,0.2847123742103575,-2.6029059886932373,0.9382892847061157,0.3717752993106842,-2.2763822078704834,0.2625550925731659,0.3402877151966096,-2.95089054107666,6.920890808105469,0.31572720408439636,-2.572450637817383
269,2.7266318798065186,1.967273473739624,-2.3224756717681885,0.4260950684547425,2.3863620758056614,-3.116119861602783,1.1317930221557617,1.8803973197937007,-2.390469551086426,5.516200542449951,1.9315079450607289,-2.3751559257507324
270,1.0771373510360718,-0.6612052321434022,-0.23550647497177124,4.843465805053711,-0.9066008925437928,-0.2815925776958465,5.301417350769043,-0.8752894401550292,-0.3012326061725616,11.954582214355469,-0.8474164009094237,-0.30280026793479925
271,0.21395891904830935,0.45321729779243475,0.872563362121582,0.8395299911499023,0.3173611462116242,0.4313072860240936,3.5495901107788086,-0.11820305883884431,0.5816730260848998,9.389386177062988,-0.0478124506771564,0.553239107131958
272,1.1276750564575195,1.5212823152542114,-1.8562703132629395,2.8123295307159424,1.097694754600525,-1.832727313041687,0.2578763961791992,1.0029093027114868,-2.5463356971740723,5.172299861907959,1.3112404346466067,-1.9564411640167236
273,1.4360721111297607,-0.09224845468997955,2.9343600273132324,1.4660706520080566,-0.09925697743892666,3.1024866104125977,1.440887212753296,-0.6185676455497742,3.0690739154815674,4.904257774353027,-0.1963168978691102,3.0037569999694824
274,2.216841220855713,1.3288373947143557,1.9847521781921387,3.390813112258911,1.3604292869567869,2.0079824924468994,3.8999636173248295,1.2175638675689695,2.161510944366455,10.969212532043457,1.3310072422027588,2.107105016708374
275,0.635627806186676,1.0972911119461055,-1.2366727590560913,0.2876702547073364,2.1133687496185294,-1.0275732278823853,0.46355089545249933,1.7178694009780877,0.13975510001182556,1.9570364952087402,2.016454935073853,-0.4394635558128357
276,2.5553393363952637,0.9530063271522523,1.0802083015441895,3.435260534286499,1.0013937950134277,1.1103194952011108,0.361206591129303,1.6068487167358398,0.9324019551277161,7.04168701171875,0.9763606786727904,1.0795402526855469
277,0.2418456077575684,1.615018248558044,-1.623409628868103,1.9335396289825437,1.7207249402999876,-1.3165867328643799,2.7225413322448726,1.7446149587631232,-1.6395909786224365,12.765256881713869,1.6834617853164662,-1.5186426639556885
278,0.3896461427211762,1.4464145898818972,0.2249736785888672,0.5232771039009094,2.41898274421692,1.4665292501449585,0.9585553407669066,1.878279685974121,0.5593072772026062,3.0511097908020024,2.0555007457733154,0.4821153581142425
279,0.9561355113983154,0.21743853390216822,-2.3305423259735107,1.2990813255310056,0.5461773276329043,-2.5877346992492676,0.6345970630645752,1.1359617710113525,-2.240511655807495,4.9979400634765625,0.4455674588680267,-2.4086623191833496
280,0.36298009753227234,0.36655983328819275,2.6866888999938965,0.47476828098297114,1.291856288909912,2.5076870918273926,0.7863817214965821,1.1301957368850704,1.680730938911438,3.8921542167663574,0.8986552953720093,2.0030877590179443
281,0.24781428277492526,1.2598453760147093,-1.2752183675765991,0.36671024560928345,-0.25468254089355463,-2.614961862564087,0.6611792445182801,0.4724618792533874,2.9780499935150146,2.283635377883911,0.48781806230545055,-3.0311994552612305
282,0.577802300453186,0.1190758645534515,-2.7550487518310547,0.4154782295227051,0.2824403047561646,3.03829026222229,0.47391709685325617,1.009484052658081,2.8549535274505615,2.1051480770111084,0.6733134388923644,-2.6127402782440186
283,0.6068053841590881,0.07139673829078673,0.7100279331207275,0.9274082183837891,-0.2049032151699066,0.5132948160171509,0.7378600239753723,0.37256333231925964,-0.12367139756679535,2.6030616760253906,0.03744244202971452,0.10247915983200075
284,1.6659926176071167,-1.5485285520553584,-1.4581842422485352,1.656794548034668,-2.0121576786041273,-1.2824245691299438,2.3421573638916016,-1.9571528434753414,-1.461679458618164,6.934098720550536,-1.917580008506774,-1.4693257808685303
285,1.7692830562591555,-0.6765446662902833,0.18413205444812772,0.36315739154815674,-0.08267620950937271,0.6885626316070557,3.339871168136597,-0.6270796060562132,0.3080625534057617,5.908203601837158,-0.574722409248352,0.25118657946586603
286,2.4547364711761475,0.890261709690094,1.2418510913848877,1.6645746231079104,0.9608801007270811,1.0249273777008057,0.8024494051933289,1.0647721290588381,0.6720021367073059,6.3691534996032715,0.8718206286430358,1.0286290645599365
287,0.9717228412628173,0.8331578969955443,-1.5294066667556763,1.1166133880615234,0.6676049828529357,-1.958709955215454,6.0842766761779785,0.573283851146698,-1.6235295534133911,8.215547561645508,0.6424776911735536,-1.669857382774353
288,1.2639260292053223,1.1302481889724731,-1.3651498556137085,8.479028701782227,0.9821777939796449,-1.46990168094635,6.571489334106445,0.9159879088401796,-1.4686696529388428,28.52875137329102,0.9420741796493526,-1.4646707773208618
289,0.3182213306427002,1.933746933937072,0.7853482365608214,1.565375208854675,1.2020407915115356,1.359107255935669,1.4849923849105837,1.4815323352813727,1.7587765455245972,4.371926784515381,1.3590794801712038,1.4163026809692383
290,2.0764224529266357,1.4998857975006104,2.3573503494262695,2.412809371948242,1.2980297803878784,2.3018274307250977,0.9166210889816284,1.4931067228317256,1.749571681022644,8.152854919433594,1.39387321472168,2.27116322517395
291,0.22226305305957794,-0.4548672139644623,3.1053760051727295,0.5027197003364563,-0.6706763505935668,-2.4708285331726074,1.3298640251159668,-0.6973366141319274,-1.9493979215621948,5.7900757789611825,-0.7696672677993773,-2.085505723953247
292,0.7329734563827515,0.4345354139804841,2.6155171394348145,1.2253236770629883,0.8143304586410522,3.1133713722229004,1.533558964729309,0.59252667427063,-2.7104074954986572,4.011460781097412,0.7628145217895508,-3.011716365814209
293,2.0496585369110107,0.40771839022636414,2.988917827606201,0.6885290145874023,0.2542155683040619,-2.781982421875,0.9896710515022278,0.0660973340272903,-2.8244194984436035,4.9023118019104,0.28592988848686224,-2.9334161281585693
294,1.1184101104736328,0.4595052599906922,1.78395676612854,0.5043903589248657,0.3165950179100036,1.9029834270477295,2.1433908939361572,0.8737056851387024,1.84215247631073,5.839522838592529,0.5642017722129822,1.7527161836624146
295,2.538012981414795,-0.824014127254486,2.5204246044158936,2.121162176132202,-0.5230933427810669,2.6774375438690186,0.42588090896606445,-0.27648189663887035,2.663558006286621,6.190059661865234,-0.6241891384124756,2.6776278018951416
296,0.6937210559844971,-2.172069549560548,1.9819509983062744,0.3390159010887146,-1.6715208292007453,0.75100576877594,0.7181255817413331,-2.3530232906341557,1.81425940990448,1.82389497756958,-2.370233535766601,1.3386276960372925
297,0.36933860182762146,1.0528621673583982,-0.534343719482422,0.2277205437421799,2.097131729125977,-0.3979038894176483,3.750452756881714,1.4323637485504157,-0.3919039666652679,5.734289646148682,1.5041744709014893,-0.5185195207595825
298,1.2827951908111572,1.007665753364563,2.3225204944610596,0.24858565628528592,0.8587605953216552,-3.056276559829712,1.7408478260040285,1.1360802650451658,2.284060001373291,3.5267782211303706,1.0918561220169065,2.5026800632476807
299,0.8347018957138062,0.9822028875350951,-0.963732421398163,0.33789947628974915,1.1641850471496582,-1.3490599393844604,1.4131247997283936,0.8376678824424743,-0.2303893268108368,2.5072896480560303,1.2013797760009763,-0.6866050958633423
300,0.3985230028629303,-0.9202693104743959,1.998569369316101,0.3450504243373871,-0.03482065349817277,1.7418166399002075,0.23664151132106784,-1.7872098684310906,-3.0528175830841064,0.9950071573257446,-0.6678660511970522,2.05946683883667
301,1.287988305091858,1.8310629129409786,2.0541107654571533,0.8476290702819824,1.8282226324081423,1.9375391006469727,2.0287976264953613,2.102606058120728,2.4676706790924072,5.00875997543335,2.0282158851623553,2.3447389602661133
302,0.932732880115509,-0.19449372589588168,2.324219226837158,0.4054736793041229,-0.31602320075035095,2.276987075805664,2.153902053833008,-0.5020597577095033,2.681140184402466,4.212672233581543,-0.5782465934753418,2.6128740310668945
303,2.105536699295044,1.9495407342910764,2.48807692527771,2.06178617477417,1.9143568277359004,2.4369513988494873,3.0740444660186763,2.0043318271636976,2.126487970352173,7.9112138748168945,2.012022972106934,2.281931161880493
304,2.6459357738494873,-0.4755856990814209,1.273635983467102,1.6441898345947268,-0.4737742245197296,1.0792360305786133,0.8193830251693724,-0.7557698488235473,1.6050454378128052,10.542323112487793,-0.4525040388107299,1.2704113721847534
305,0.6288032531738281,-0.29873594641685486,-0.343045175075531,0.5434780120849609,-1.2298555374145508,-0.8979980945587159,1.4367485046386719,-0.5721474289894103,-0.8463960886001586,2.579420804977417,-0.8227260112762451,-0.8564049005508423
306,0.8584578037261963,1.0418709516525266,-1.2141571044921875,2.8071064949035645,1.1339541673660276,-1.1032772064208984,1.6791312694549558,0.8422110676765442,-1.3014249801635742,5.795096397399902,1.0654220581054688,-1.2638325691223145
307,0.7766168117523193,-0.437653511762619,-0.11983343213796614,2.166457176208496,-0.7928370833396913,0.2836552560329438,1.3343272209167478,-0.5409631133079529,-0.2547924816608429,4.974650859832764,-0.5910540819168091,0.021053293719887737
308,0.3200596272945404,-0.6911518573760986,-3.0499074459075928,2.7832374572753906,-0.6549081206321715,2.853881359100342,2.5891983509063725,-0.34348970651626587,2.7807915210723877,6.6408867835998535,-0.473170816898346,2.7931220531463623
309,1.3136839866638184,-1.3047182559967043,-1.6923755407333374,2.259486675262451,-1.1240288019180298,-1.822635531425476,0.9809279441833496,-1.548744797706604,-2.204676389694214,6.145434379577636,-1.3109898567199705,-1.972121238708496
310,0.9146589040756226,0.027020705863833375,1.2652829885482788,0.3369726836681366,0.501516342163086,-0.08759138733148576,0.6886005401611328,-0.12326163053512575,1.013983964920044,3.7522556781768794,0.28102058172225947,0.8812971115112305
311,1.1167881488800049,-1.0612480640411377,-0.64702969789505,0.8207252025604249,-1.3657481670379639,-0.5924892425537108,1.5118732452392578,-0.8580359220504762,-0.22277803719043732,4.751608371734619,-1.2024110555648804,-0.5726460814476012
312,2.5747382640838623,1.1172542572021487,2.455686569213867,3.2224063873291016,1.0949592590332031,2.278763771057129,1.9350852966308592,1.2888631820678709,1.99568772315979,9.527783393859863,1.1692465543746946,2.233966827392578
313,2.1730844974517822,-1.5732460021972652,-2.9843719005584717,4.229942321777345,-1.7529361248016355,3.0455172061920166,0.44207462668418884,-1.799315690994262,-2.578223466873169,7.216246128082276,-1.692025899887085,-3.124591588973999
314,0.8625353574752808,0.7483260631561279,2.4851367473602295,1.0416982173919678,0.42619121074676525,2.333939552307129,1.0060451030731201,0.7345923185348511,1.6137032508850098,2.658799648284912,0.6979970335960387,2.210188150405884
315,0.9334708452224731,-2.262399196624758,-0.6404520273208617,0.7523143887519836,-1.9485585689544667,-1.0724563598632812,1.2819308042526245,-2.2631459236145046,-0.005492514930665493,4.005162239074707,-2.2283334732055637,-0.5590744614601135
316,1.0739703178405762,-0.8746770620346067,3.085202932357788,1.9819107055664065,-0.6869117021560669,3.1267549991607666,1.3838376998901367,-0.37515556812286377,-2.863999605178833,6.121466636657716,-0.6157395839691162,-2.9639875888824463
317,0.37381696701049805,1.7841258049011237,2.761141061782837,1.0974472761154175,1.1610738039016721,3.117236375808716,0.45903772115707403,0.4616300165653229,-2.5565755367279053,2.5916693210601807,1.0748522281646729,3.001113176345825
318,1.6153002977371218,-0.7302181720733641,2.9532859325408936,2.640181064605713,-0.7487675547599791,2.8444535732269287,0.49099493026733393,-0.42653787136077875,3.140113353729248,5.082287788391113,-0.6746398210525512,2.8442323207855225
319,0.48948001861572266,-0.09916303306818006,-2.0460736751556396,3.260821580886841,-0.14115616679191584,-2.0636394023895264,1.2106783390045166,-0.46494609117507923,-2.185882806777954,7.175557613372803,-0.23673336207866671,-1.9636389017105103
320,2.0144097805023193,-1.0050266981124878,1.840828776359558,0.8728907108306885,-0.6856622099876403,1.3861312866210938,0.6317391395568848,-0.35656574368476857,0.7491340041160583,3.2905807495117188,-0.8832314610481261,1.532336950302124
321,1.2512667179107666,2.247999906539917,-0.03994680941104889,0.690968096256256,2.224377155303954,0.8423383235931396,0.3442695736885071,1.8946405649185187,0.8125207424163818,3.197406768798828,2.512255668640134,0.39362528920173645
322,1.4870398044586182,-1.3691198825836184,1.5164505243301392,1.4902287721633913,-1.1423490047454834,1.6037571430206299,0.26819664239883423,-0.6854473352432251,0.8393985033035278,5.5255374908447275,-1.20530092716217,1.659325122833252
323,2.82573127746582,-2.4016163349151594,0.019267851486802105,3.223222255706787,-2.444323301315304,0.06405206024646759,0.6607032418251038,-1.962873935699462,0.28401997685432434,7.497893810272216,-2.3977551460266158,0.12354399263858795
324,0.7747127413749696,1.2606281042099,-2.7775914669036865,0.8712214231491088,1.656298756599426,-2.5104756355285645,1.2859677076339722,1.6399956941604612,-2.145667791366577,5.370068550109864,1.6395730972290037,-2.2365152835845947
325,2.0605645179748535,0.9216384887695314,1.1519063711166382,1.7120839357376096,1.0852497816085815,1.112093448638916,1.1813411712646484,0.5277304053306581,1.0269291400909424,6.863354682922362,0.9821118116378784,1.0463945865631104
326,0.2894343733787537,-0.26629519462585444,0.2653621137142181,0.4965329170227051,-0.8561592102050781,-0.038950614631175995,0.9661855101585388,-1.1616714000701907,1.0770384073257446,2.0381195545196533,-1.2584127187728884,0.34210419654846197
327,0.5830286145210266,-0.6203243136405945,0.6015113592147827,1.0972099304199219,-0.8292760848999022,1.5185930728912354,2.109987258911133,-0.8064792752265931,1.4330213069915771,6.940536975860596,-0.8334454298019409,1.3428330421447754
328,0.4357038140296936,-0.5649099349975586,-2.783891201019287,1.0693597793579102,-1.2274386882781985,-2.3479490280151367,1.0705156326293945,-1.523398041725159,-2.572772979736328,6.1900529861450195,-1.3070950508117674,-2.4389472007751465
329,1.0438178777694702,0.6245008111000062,1.377329707145691,0.4637932777404785,1.0338180065155027,1.7448192834854126,2.9763808250427246,0.6911315321922302,1.3078360557556152,6.96428108215332,0.6324897408485414,1.2584483623504639
330,1.334601640701294,1.7102850675582881,0.8561225533485411,0.44013920426368713,0.9745509624481201,0.7415008544921875,0.7355837225914001,1.39543080329895,1.2870880365371704,4.653671741485596,1.3925087451934817,1.1260930299758911
331,0.6386058330535889,-0.8632818460464478,1.2897908687591553,0.6197395920753479,-1.8894844055175766,0.9982246756553649,0.3973592221736908,-0.7338390350341797,0.9757812023162842,3.7168130874633785,-1.4372100830078127,1.289252519607544
332,3.0857751369476323,1.2588971853256221,-2.4711263179779053,1.193591594696045,1.1404335498809814,-2.6137101650238037,3.7869744300842285,1.4608950614929195,-2.3812248706817627,11.04135799407959,1.3075400590896609,-2.5090372562408447
333,0.7079958915710449,0.03049122355878352,0.6837629079818726,0.27923935651779175,-0.3495240807533264,-0.603188991546631,0.46782538294792175,0.1179201528429985,0.4993688464164734,2.695294141769409,0.21178640425205228,0.15406633913516998
334,4.707880020141602,1.945947885513306,-2.7773618698120117,3.464370489120483,1.897176146507264,-2.9002997875213623,1.9862732887268066,2.158953666687014,-2.969240427017212,12.630104064941404,1.9424527883529674,-2.8668246269226074
335,1.0441433191299438,1.0118342638015747,-2.864084005355835,0.3270410895347595,2.3077871799468985,-2.4858574867248535,0.6753537654876709,2.084699630737305,-2.4102742671966553,3.142655611038208,1.6050353050231931,-2.6144468784332275
336,0.8929881453514099,1.8350665569305418,-1.438514232635498,1.3301093578338623,1.8095729351043701,-1.5202374458312988,1.4997166395187378,1.5972943305969238,-0.8904144763946534,5.585939884185791,1.748515963554382,-1.366411805152893
337,1.3369883298873901,0.7261866331100463,1.8464148044586182,4.347783088684082,0.582080066204071,2.01871657371521,1.3312232494354248,0.24947576224803922,2.007037401199341,7.338328838348388,0.5270373225212097,1.9634932279586792
338,3.382281541824341,-2.2764937877655003,-1.7161616086959839,2.2563908100128174,-2.3369655609130864,-1.7949624061584473,2.0621814727783203,-2.0731775760650635,-1.873841643333435,9.226813316345215,-2.1899158954620357,-1.7978087663650513
339,3.9993321895599365,2.081386804580688,-2.197277784347534,1.159575343132019,2.0312533378601083,-2.216923236846924,5.555792331695557,2.272278308868409,-2.2708513736724854,18.87641143798828,2.1543424129486075,-2.2409660816192627
340,0.5301641225814819,-0.8644083738327027,1.8582624197006226,0.566402792930603,-0.63606059551239,2.8998067378997803,1.0401703119277954,-1.3514024019241335,3.0141026973724365,3.416822910308838,-1.1791551113128662,2.601379632949829
341,1.8843007087707522,0.2894785106182098,2.589397430419922,1.017105221748352,0.4294225573539734,2.8824679851531982,3.384620189666748,0.44481891393661493,2.4874794483184814,7.3659772872924805,0.47787895798683167,2.5509097576141357
342,1.5665515661239624,-1.9542332887649534,-0.741447925567627,1.807304859161377,-2.2988777160644536,-0.5139362215995789,1.5245680809020996,-2.075778484344481,-0.3343581259250641,5.574171543121337,-2.1475007534027104,-0.6216827630996704
343,2.882993459701538,1.8068829774856565,0.570670485496521,0.3232857584953308,1.699622511863709,0.16258157789707187,3.5976157188415523,1.9315118789672845,0.5461651086807251,11.921627044677734,1.8113685846328733,0.48894438147544855
344,2.4267125129699707,-0.6651886701583862,1.2075380086898804,0.8302904963493348,-0.6946918964385987,1.064482569694519,0.7341861128807067,-0.8201681971549989,1.5951550006866455,6.3555383682250985,-0.8049311637878418,1.3973428010940552
345,4.3129801750183105,-1.4788997173309326,0.7724483013153077,3.9551565647125244,-1.4795355796813965,0.897320568561554,2.709254026412964,-1.5596219301223757,0.9762535691261292,11.988850593566895,-1.4750889539718632,0.8536490797996521
346,2.14825439453125,1.0931646823883059,2.3358314037323,1.1672887802124023,0.9814176559448239,2.5367605686187744,0.3671124577522277,0.6931061148643496,1.5364751815795898,4.38316535949707,0.9905198216438291,2.4276132583618164
347,1.1901185512542725,-0.8827706575393677,0.04997925087809563,1.27875554561615,-0.9214416742324829,0.04515261575579643,0.5995972752571106,-0.06412291526794435,-0.3645807206630707,3.5220031738281254,-0.719725728034973,-0.1444474458694458
348,1.4963583946228025,0.14274105429649353,1.8107417821884155,1.7700819969177244,0.0769333839416504,1.7847400903701782,2.391709327697754,0.29354229569435114,1.414689540863037,5.83659029006958,0.2393516749143601,1.6579777002334595
349,6.253448486328125,-1.109774351119995,-1.6333057880401611,0.5321924090385437,-1.2360528707504275,-1.7319358587265015,3.359570980072021,-1.2451796531677244,-1.546671986579895,10.829180717468262,-1.192178130149841,-1.6368167400360107
350,0.7347591519355774,1.38453733921051,-1.006393313407898,0.21264328062534332,1.228138208389282,-0.30655330419540405,2.1224210262298584,1.6447248458862305,-1.307381510734558,3.4777631759643555,1.63319194316864,-1.3338639736175537
351,0.7168173789978026,-1.1284067630767824,2.9060139656066895,1.5658522844314575,-1.2324476242065432,-2.819556951522827,0.9415961503982544,-1.3774381875991826,-2.3887205123901367,4.474713325500488,-1.4093692302703853,-2.712334156036377
352,0.208684116601944,-0.5948713421821595,0.05656935274600982,0.3881962299346924,0.4324732422828674,-0.09458510577678682,0.9106876254081726,0.22234514355659488,-1.2928272485733032,1.4108505249023435,0.6885417103767395,-0.7724547386169434
353,1.7046830654144287,-1.628910064697265,-1.052498698234558,0.2075418829917908,-2.3536670207977335,-1.615997076034546,1.6936125755310059,-1.905619025230408,-0.797685444355011,5.882557392120361,-1.7282855510711665,-1.0481457710266113
354,2.6757993698120117,0.9879345297813417,1.733159065246582,5.155412197113037,1.108329653739929,1.8326879739761353,0.44313561916351313,0.8269554376602173,2.2402193546295166,8.185564994812012,1.0718828439712524,1.8227709531784058
355,0.7850272059440613,-0.5687791109085083,2.4926040172576904,1.3567278385162354,-0.8408002853393554,2.4903037548065186,2.5920040607452393,-0.9752105474472047,2.321761131286621,4.8716206550598145,-0.8774756193161013,2.4621291160583496
356,0.3228762149810791,-0.02731775119900708,1.3904107809066772,0.2667500972747803,-0.8111352324485778,1.0639780759811401,1.1857818365097046,-0.24963967502117151,2.326617479324341,3.1870288848876953,-0.13369359076023102,2.190117597579956
357,5.21841287612915,-0.7601944208145142,-0.8951966166496277,0.8076184988021851,-1.104950547218323,-0.9841238260269165,1.1061991453170776,-0.9047310948371886,-1.0847512483596802,9.649983406066895,-0.824365198612213,-0.8582074642181396
358,1.001017451286316,-0.5737390518188477,-0.2595517039299011,1.0186537504196167,-0.9392827153205873,-0.32274094223976135,2.3511550426483154,-0.56608784198761,-0.4419202506542205,13.274754524230957,-0.7276354432106018,-0.3100154101848602
359,2.6163039207458496,-1.5168098211288445,1.4388234615325928,0.9793887734413146,-1.0527483224868774,1.3642299175262451,1.1705859899520874,-1.1424567699432375,1.451664924621582,5.843900203704834,-1.3271498680114742,1.5242010354995728
360,0.5941433906555176,0.3205294311046599,0.9060724973678589,1.3247277736663818,0.31284198164939875,1.489498496055603,0.5687988996505737,0.2813366651535034,1.8733739852905273,3.6818842887878414,0.39980664849281317,1.1713142395019531
361,0.738162338733673,0.002816112944856291,3.0847227573394775,0.26457628607749933,-0.0023754849098622864,-3.1214427947998047,2.602482318878174,-0.5944897532463075,-2.8348867893218994,6.158226490020753,-0.404495507478714,-2.9959027767181396
362,0.26715055108070374,0.824285626411438,-1.6139425039291382,1.6214118003845215,0.6294806003570556,-1.7272006273269653,1.9694494009017942,0.24926365911960593,-1.681246280670166,6.1230149269104,0.6114838123321532,-1.7449864149093628
363,0.6804114580154419,0.4449562728404999,2.8015542030334473,6.031383514404297,0.4771315157413483,2.671877861022949,0.21831212937831876,-0.22597114741802218,2.931821346282959,10.395349502563477,0.46801456809043895,2.7398457527160645
364,1.82860791683197,1.1711766719818113,2.775501251220703,1.0569621324539185,1.1656962633132932,2.6366636753082275,1.0166847705841064,0.6717950105667113,2.5829954147338867,4.5865159034729,1.2174415588378904,2.685162305831909
365,1.4014194011688232,-0.6271662116050719,1.9294054508209229,3.496586561203003,-0.601045787334442,1.8712230920791626,0.3597064018249512,0.17724542319774628,2.1579935550689697,5.379324913024902,-0.5997584462165833,1.9382292032241821
366,0.4529023468494415,0.7873773574829102,-3.1145474910736084,1.2270387411117554,0.2336063086986541,2.9241867065429688,2.9297807216644283,0.20654706656932828,3.125302314758301,6.4959187507629395,0.39200437068939215,3.013723611831665
367,1.7363871335983279,-1.0294981002807617,0.9336506128311157,1.3456025123596191,-0.8202198743820192,0.8570839166641234,1.152933120727539,-1.4934461116790776,0.5776020288467407,6.6156911849975595,-1.1360691785812376,0.7567176818847656
368,2.2350616455078125,-0.47653731703758234,-0.6846728920936583,1.3527559041976929,-0.6569880247116088,-1.1858723163604736,1.8566188812255857,-0.4575976431369783,-0.7712293863296509,6.381669998168944,-0.5797839760780336,-0.7750203609466553
369,1.5140572786331175,0.2697404325008393,-1.533421516418457,1.0504871606826782,0.3181125521659851,-1.5716500282287598,0.3397292196750641,1.0038715600967405,-1.8545089960098267,5.879617214202881,0.572245180606842,-1.702228307723999
370,0.30264702439308167,0.2715062499046326,0.5133002400398254,2.361372232437134,-0.1670671105384827,0.8463036417961121,2.458909034729004,-0.3992005288600921,0.9323531985282898,8.465524673461914,-0.24432981014251712,0.7860715985298157
371,1.2479963302612305,-1.2270842790603638,-1.7297261953353882,0.5687292814254761,-0.9430208802223208,3.056408405303955,0.20341159403324127,-1.0191131830215456,-2.7090094089508057,2.277940034866333,-1.2987881898880005,-2.0290720462799072
372,0.8243970274925231,0.9245306849479673,1.5740896463394165,0.5490866899490356,1.2629938125610352,1.6622779369354248,0.7108882665634154,0.22748906910419467,2.174778938293457,1.9586797952651978,1.0586172342300415,1.663030982017517
373,1.319101333618164,0.47512701153755194,2.281851053237915,1.002500057220459,0.6935700178146362,2.494718074798584,0.40785849094390875,-0.287164270877838,2.347334146499634,4.782415390014648,0.2970211803913116,2.1909453868865967
374,1.2120771408081055,-1.3441945314407349,2.0330758094787598,0.4114548563957215,-2.069011211395263,2.305473804473877,0.3080439865589142,-1.1646238565444944,2.252619743347168,2.666184663772583,-1.4990454912185667,2.2949793338775635
375,1.1429563760757444,0.993504047393799,-1.141109824180603,1.2657034397125244,0.9029654860496521,-0.7280406355857849,1.4014606475830078,0.7296903729438784,-0.7303982377052308,3.8708279132843013,1.028931975364685,-0.8524843454360962
376,1.3634254932403564,1.1928663253784177,-2.8763957023620605,2.7222156524658208,1.1628503799438479,-2.737685441970825,3.3898425102233887,1.3229732513427737,-2.6701743602752686,10.594456672668457,1.3354115486145015,-2.746994972229004
377,1.5870951414108276,0.692474126815796,2.4931976795196533,0.35782918334007263,0.27183675765991205,1.875047206878662,2.965566396713257,0.8385271430015562,2.0898265838623047,5.310362815856934,0.834172248840332,2.2236814498901367
378,0.7736144065856934,0.053595185279846205,-0.54843407869339,0.4277043342590332,0.3173818588256836,-0.18975286185741422,2.6132116317749023,-0.39973771572113037,-0.11273939162492753,4.0941619873046875,-0.1569871306419373,-0.19031302630901337
379,2.488377094268799,1.323532581329346,0.6490471363067626,1.0364409685134888,1.4193882942199707,0.735625147819519,9.815017700195312,1.419911980628967,0.5522056818008422,14.426587104797363,1.4332960844039917,0.5935952663421631
380,2.8345315456390376,0.2183988392353058,-1.4549914598464966,4.928070068359375,0.24247546494007105,-1.4771956205368042,6.792000770568848,0.3748620748519897,-1.460091233253479,22.001482009887695,0.2652882337570191,-1.4719094038009644
381,1.3382488489151,0.042865373194217675,-2.4789652824401855,1.4701049327850342,-0.11253150552511214,-2.5571460723876953,0.7573663592338562,0.2613123953342438,-3.0373802185058594,3.955720424652099,0.06952010095119472,-2.764543294906616
382,0.401743084192276,2.1576581001281734,-0.3403910994529724,1.0096817016601562,1.739284992218017,0.4270237386226654,1.3065654039382935,2.2957737445831286,0.7157866358757019,3.766499280929566,2.0454292297363286,0.34907758235931396
383,2.080427408218384,-2.089157581329347,-3.141512870788574,1.7053198814392092,-1.7799085378646842,2.962967872619629,1.719498872756958,-1.8140109777450566,2.823350429534912,6.372308731079102,-1.9521861076354978,3.0689759254455566
384,0.34233328700065613,-0.2097697854042054,0.5917129516601562,1.253230333328247,-0.305299997329712,0.3570716977119446,0.563910186290741,-0.5457394719123841,1.0059655904769897,6.544266223907471,-0.5855836868286132,0.6218608021736145
385,1.0372737646102905,0.5678250789642335,-2.3180291652679443,3.444596767425537,0.3906679451465607,-2.4396727085113525,0.5959475636482239,0.5078921318054199,-2.8949689865112305,5.093297481536865,0.44383466243743896,-2.418365716934204
386,0.6362869143486023,-0.30481410026550293,-1.5170750617980957,0.7010965943336487,-0.08925102651119235,-1.3555961847305298,0.32678326964378357,-0.9536186456680297,-0.36925485730171204,1.7768242359161377,-0.27599480748176564,-1.605046272277832
387,0.587382435798645,-1.992114901542662,-3.0532734394073486,3.26071310043335,-1.5658187866210933,-2.8621861934661865,2.7305884361267094,-1.5996999740600586,-3.0024240016937256,12.791601181030275,-1.6036460399627686,-3.0106089115142822
388,0.34382113814353943,1.418332695960999,-2.4899845123291016,0.6406396627426146,1.574392437934875,2.822646379470825,0.20804302394390106,2.2263414859771706,3.053236722946167,4.317302703857422,1.5826803445816036,-2.7399938106536865
389,0.48674690723419195,-1.7057099342346187,1.4362910985946655,0.32043638825416565,-1.8672778606414793,1.420438289642334,1.929706335067749,-2.127546310424805,2.2466964721679688,4.069577693939209,-2.099366188049317,1.8597465753555298
390,1.7163927555084229,-0.11392073333263397,-0.8514879941940309,1.1660314798355103,-0.18968529999256137,-0.8655165433883667,0.9348508715629578,-0.3558591306209564,-0.29935607314109797,7.512719631195069,-0.1520419865846634,-0.8385350108146667
391,1.8202139139175415,1.2104890346527102,2.9308929443359375,2.142986297607422,1.1902468204498295,2.870746374130249,1.4039838314056396,1.5728818178176882,2.698622941970825,6.904771327972413,1.3080725669860838,2.7476162910461426
392,1.5712398290634153,2.070873737335205,2.184781312942505,0.6348885893821716,1.3712019920349119,-3.0765931606292725,0.8402771949768066,1.5135787725448608,2.457246780395508,2.8076195716857915,1.9392759799957262,2.4425578117370605
393,3.4075179100036626,1.5604734420776367,-2.108095645904541,0.5077095627784729,1.284644365310669,-1.980359435081482,1.50393271446228,1.598964214324951,-2.4358887672424316,5.524148464202881,1.633914232254028,-2.17555570602417
394,0.3995636403560638,-1.7774769067764289,1.2361388206481934,2.0905370712280273,-1.73100209236145,0.7440993785858154,0.35408300161361694,-1.4509111642837527,2.0953760147094727,2.5738322734832764,-1.9178807735443117,1.0088332891464233
395,4.690246105194092,-2.2004158496856694,0.07772371917963028,1.1833728551864624,-2.3219633102416997,0.2459086924791336,1.145627498626709,-2.119065284729004,0.5535368919372559,9.773527145385742,-2.248684167861937,0.21662238240242002
396,0.7306239008903503,-0.43186786770820623,-2.7421488761901855,1.4059970378875732,0.19372133910655973,-2.783026933670044,2.622220516204834,0.02548245154321192,-2.3948636054992676,5.976342201232909,-0.03304729238152511,-2.626573085784912
397,1.3673501014709473,0.43936219811439525,0.5814887285232544,2.02059268951416,0.29817259311676025,0.6810036301612854,3.243403434753418,0.03417524322867398,0.39270335435867315,8.037668228149414,0.16419644653797152,0.5351749658584595
398,0.5006337761878967,0.8789405226707457,1.1321594715118408,2.6869316101074223,0.6617775559425354,0.8691585063934326,1.8404853343963623,0.664524793624878,1.2397427558898926,5.105920314788818,0.7292585968971254,1.0898305177688599
399,3.7345974445343018,1.2551496028900146,-0.7336907982826232,2.356062650680542,1.0744969844818117,-0.7855818271636963,1.6109607219696047,1.4084852933883671,-0.9661543965339661,13.633212089538574,1.1950418949127197,-0.7898029685020447
400,0.8236353397369386,0.7699950933456422,-2.6395328044891357,1.3308886289596558,0.7094702720642091,-1.880232334136963,0.47271230816841125,-0.3304807543754578,-1.9422352313995361,3.145169973373413,0.5610878467559814,-2.2073588371276855
401,1.843144774436951,-0.49187889695167536,1.595036506652832,3.3875386714935303,-0.4989029467105865,1.6464917659759521,0.7630977630615234,-0.48496523499488825,2.1506378650665283,7.383643627166748,-0.5681944489479065,1.7485897541046143
402,0.6848148107528687,-0.6959169507026672,-1.1378991603851318,1.4058115482330324,-0.008578655309975154,-1.251389741897583,0.410013496875763,-0.5507152676582335,-1.280480146408081,5.905830383300781,-0.4146919846534728,-1.2064217329025269
403,2.203500986099243,0.8131519556045532,0.13545475900173187,2.3770837783813477,0.6609088182449342,0.06516753882169724,6.926105022430421,0.8681041002273558,0.16553846001625058,12.447496414184572,0.8191685080528257,0.1083136573433876
404,0.9245239496231079,-1.0258440971374512,0.667170226573944,2.4499154090881348,-0.9017044901847839,0.6632941365242004,4.0234761238098145,-1.039227604866028,0.8109018206596375,20.363807678222656,-1.0325297117233279,0.7980002760887146
405,0.29475292563438416,0.0412501879036426,-1.2842133045196533,1.2230838537216187,0.46174558997154225,-2.560136318206787,1.2908635139465332,0.639924943447113,-2.3537938594818115,3.540566205978394,0.425158977508545,-2.222055196762085
406,0.9941222667694092,1.2242704629898074,-1.010273814201355,0.85128653049469,0.38286757469177235,-1.4442930221557617,0.4288308918476105,0.30017623305320745,-0.8705524802207947,3.418980598449707,0.7558612227439878,-1.3290075063705444
407,1.9985786676406858,-0.30720534920692444,-2.779308319091797,4.184793949127197,0.03852965682744981,-2.7577385902404785,0.7272604703903198,-0.2524111568927765,-2.6255922317504883,10.228278160095215,-0.06745351850986477,-2.6986842155456543
408,1.4613705873489382,-0.3660722970962524,1.1030884981155396,2.0560619831085205,-0.14551474153995517,1.2573505640029907,8.477083206176758,-0.24530263245105746,1.2396339178085327,12.432567596435545,-0.2571577429771423,1.206470251083374
409,1.1226860284805298,-0.5776740908622741,-2.0108771324157715,1.2752370834350586,-0.6682667136192322,-2.350858449935913,1.418364405632019,-0.490888774394989,-2.6136579513549805,4.169312000274658,-0.49131879210472096,-2.367344617843628
410,0.5306410193443298,-0.14693160355091098,-2.3428080081939697,1.323540449142456,-0.23022398352622978,-2.8693807125091553,1.406723618507385,0.36435970664024353,-2.301002025604248,3.274040699005127,-0.020691033452749225,-2.5895721912384033
411,0.6356750130653381,-1.2931872606277466,1.0315660238265991,1.278762936592102,-1.226783752441406,0.4018202126026154,0.6487021446228027,-1.362633109092712,1.342389702796936,2.824450731277466,-1.367303729057312,0.5807544589042664
412,0.7998405694961548,1.3259831666946411,-2.3403568267822266,0.3121801614761352,1.8949277400970452,-1.0676007270812988,1.9012688398361208,1.512063980102539,-1.850697636604309,3.4326505661010747,1.740429639816284,-1.8732942342758179
413,1.9413145780563352,-0.5172654390335083,-0.11423026770353319,0.8119457960128785,0.023656263947486916,0.03297482803463936,3.8371989727020264,-0.32947650551795954,-0.10044509917497633,7.240437030792237,-0.2976298928260802,-0.108419731259346
414,1.7202984094619749,-2.3618540763854963,2.6521897315979004,0.32843148708343506,-2.1981351375579847,2.9093167781829834,5.1942458152771,-2.1524801254272465,2.6151540279388428,11.2393217086792,-2.263965368270872,2.6943769454956055
415,0.34076911211013794,0.4402824342250824,-2.2289910316467285,1.0420805215835571,1.0471848249435427,-2.388705015182495,0.29147499799728394,0.26814737915992737,-2.057270050048828,3.4115309715271,0.4470392167568206,-2.2885549068450928
416,0.2484759837388992,-0.9823239445686344,-1.7970832586288452,0.5193042755126953,-0.4882499873638154,-0.6528760194778442,1.1830053329467773,-0.7503160834312438,0.094160296022892,2.132678985595703,-0.8357086777687072,-0.5611193180084229
417,1.1413612365722656,0.9755679368972778,3.0421290397644043,0.6915223598480225,1.0075000524520872,3.031020402908325,1.6575690507888794,1.4332132339477537,3.076218366622925,5.485532283782959,1.3982601165771482,3.136254072189331
418,0.7054699659347534,-0.6516061425209047,-1.6639574766159058,1.6000975370407107,-0.7293071746826172,-1.7737677097320557,3.9639334678649907,-0.42561042308807373,-1.9692809581756592,10.104708671569824,-0.4762109220027923,-1.8569605350494385
419,0.893675923347473,1.3665498495101929,-2.9960360527038574,1.3040510416030884,0.67875599861145,-2.9172568321228027,0.8206357955932618,1.2030022144317625,2.938077926635742,4.84894323348999,0.9789480566978455,3.096712827682495
420,0.8239901661872863,-1.512781143188477,1.7840920686721802,5.622597694396973,-1.5639144182205202,1.5631083250045776,15.24014949798584,-1.6004518270492554,1.674094319343567,24.0966854095459,-1.59568727016449,1.658237099647522
421,1.3225964307785032,0.7002486586570741,-1.4020129442214966,0.5570695400238037,0.042074929922819214,-1.4135732650756836,3.693498134613037,0.530859351158142,-1.0786288976669312,6.492535591125488,0.579929530620575,-1.2235748767852783
422,1.013805627822876,0.5756452083587646,1.9296351671218872,1.426221251487732,0.3729205429553985,1.6319347620010376,0.2922607958316803,1.308674216270447,0.8106517195701598,2.8752193450927734,0.744609296321869,1.5612590312957764
423,0.3497794270515442,0.771952509880066,2.5810885429382324,0.4482143819332123,0.2765755653381348,2.0713765621185303,0.6127412915229797,0.4345739483833313,-1.991611123085022,1.6675910949707031,0.6519073247909545,2.8234307765960693
424,1.2240455150604248,-1.3984503746032713,0.7640869617462158,0.6581838726997375,-1.1118482351303098,0.7795584201812744,0.16052649915218353,-0.5234276652336121,1.200311303138733,3.7993407249450684,-1.0664556026458738,1.0327181816101074
425,0.8410045504570007,0.9299421310424805,-2.4522271156311035,0.2561631500720977,0.6596223711967469,-1.4828242063522339,1.6294814348220825,1.536643624305725,-2.39910888671875,3.792049884796142,1.442074656486511,-2.355311155319214
426,3.8395309448242188,0.6742464900016786,-1.7192591428756714,1.8863904476165771,0.5520756244659424,-1.8948538303375244,0.6812132000923157,1.1105378866195679,-1.5439567565917969,8.504677772521973,0.6346635222434999,-1.7544257640838623
427,1.8421528339385989,-0.28871855139732355,2.959442377090454,0.7331753373146057,-0.5379846096038818,2.486851930618286,0.9252077937126159,-0.7570385932922366,-3.0862293243408203,4.875239849090576,-0.630511462688446,2.942483425140381
428,3.436153888702392,-0.1242514029145241,0.07498884201049806,1.7227489948272705,-0.14241470396518702,0.17716334760189056,1.5419028997421262,0.23966987431049347,0.05527591705322266,7.005074977874756,-0.007135805208235947,0.1166689619421959
429,1.6081479787826536,0.4836801290512085,1.497713565826416,2.2674062252044678,0.6312574148178101,1.527043104171753,1.0704549551010132,0.6389050483703613,1.9770172834396362,5.743134021759033,0.5803602933883667,1.7204692363739014
430,3.268440246582031,-0.4460452497005464,2.610518455505371,2.5431137084960938,-0.3486956655979157,2.6953158378601074,1.0379902124404907,-0.26509782671928406,2.273014545440674,9.088135719299316,-0.3311054706573486,2.5433924198150635
431,1.482314944267273,1.8056839704513548,-2.3288791179656982,0.7139090895652771,1.7552262544631958,-2.3419504165649414,3.296829462051392,2.041122436523438,-2.558582305908203,5.5506086349487305,2.0266928672790514,-2.4689536094665527
432,0.5921600461006165,-0.039609417319297804,-2.0052754878997803,0.4002734422683716,-0.9521225094795229,-2.485780954360962,0.9743689894676208,-0.6404390335083009,-1.3019170761108398,3.8315196037292476,-0.4760205149650573,-1.7411653995513916
433,1.1852651834487915,-0.8794046044349672,2.598098039627075,2.0014259815216064,-1.0242679119110107,2.0135200023651123,1.0017465353012085,-0.5724646449089049,2.193133592605591,5.571347236633301,-0.9506334662437438,2.145540952682495
434,1.8260577917099,-1.8210148811340328,-2.746589183807373,0.8280290365219116,-1.7546135187149046,2.9512417316436768,3.020860195159912,-1.6765364408493049,-2.8470370769500732,6.045082569122315,-1.828833103179931,-2.879142999649048
435,1.654052972793579,1.9864867925643925,2.0034029483795166,1.3259775638580322,1.9033092260360722,2.2193636894226074,2.3270297050476074,2.0000147819519065,1.7685527801513672,6.592364311218261,2.0999810695648184,1.9731223583221436
436,2.012791633605957,0.21710264682769773,-2.0934054851531982,2.107618570327759,-0.21216738224029535,-2.227369546890259,0.35063108801841736,0.5188060998916627,-2.473047971725464,7.11583137512207,0.09882082790136336,-2.184330701828003
437,0.17204591631889343,1.847093582153321,2.6112124919891357,0.6155316829681396,2.4762625694274876,2.335803270339966,5.713841438293457,1.7937433719635003,2.6022567749023438,6.472931861877441,1.8886747360229492,2.5764853954315186
438,1.5996570587158203,-1.8313645124435431,2.059797763824463,1.7839610576629636,-1.8805257081985478,2.139591693878174,1.3469537496566772,-2.3442809581756605,2.088280200958252,5.429269790649413,-2.061889410018919,2.0061399936676025
439,4.97154426574707,-0.13947793841362002,2.4702558517456055,2.314885377883911,-0.15516410768032063,2.3755428791046143,0.6119660139083862,-0.6187345385551454,2.631781816482544,9.54984474182129,-0.17503646016120913,2.50707745552063
440,0.20744885504245755,-0.06934806704521178,-1.427842617034912,0.7354552149772644,0.04478229209780701,2.9149937629699707,0.8663991689682007,0.5979924798011779,3.0970146656036377,1.6582393646240237,0.1885459125041961,-2.946047067642212
441,1.8547916412353518,0.5377192497253416,3.1215641498565674,1.624826431274414,0.7765693068504332,-2.6550803184509277,1.1180981397628784,0.7143030166625979,3.1062235832214355,4.772529602050782,0.7213330268859863,-2.9210238456726074
442,0.5826911330223083,-0.9021720886230468,1.3783434629440308,2.593275785446167,-1.2411007881164553,1.0679160356521606,0.2958344519138336,-0.9345443844795228,0.2197882831096649,6.336645126342773,-1.1358485221862795,0.9920395016670227
443,0.17292027175426483,-0.5122896432876587,0.18296283483505246,0.2963212728500366,-0.3334503471851348,2.2856709957122803,2.377880573272705,0.43734419345855713,1.9459047317504883,2.9537203311920166,0.3608883023262024,1.8633302450180054
444,0.7104737162590027,1.504480481147766,0.40196281671524053,0.4963864088058471,1.8007653951644902,1.059918999671936,1.249163269996643,1.099727511405945,0.9689414501190186,5.668301105499268,1.2841365337371826,0.9356693029403687
445,2.8182015419006348,0.5495272874832154,-1.1859784126281738,8.48789119720459,0.5791562199592589,-1.119498372077942,5.367790699005127,0.5209364891052246,-1.1941981315612793,16.84225082397461,0.5591467022895814,-1.1649912595748901
446,0.5038284659385681,0.6299052834510803,2.7553462982177734,0.25732484459877014,0.39038014411926264,1.3982380628585815,0.7216597199440002,0.8692820072174072,3.0652737617492676,1.0788252353668213,0.8164311647415162,2.9450302124023438
447,0.5302528738975525,-0.3900838494300842,-2.1115431785583496,0.5153530240058899,0.32196280360221863,-1.7664794921875,0.2968580424785614,0.3555182814598083,-0.17857661843299866,1.4873101711273191,0.2072060108184815,-2.1911869049072266
448,2.2678403854370117,-0.1489884555339814,-1.4315290451049805,2.131856918334961,-0.16375726461410525,-1.4823720455169678,1.2672989368438718,-0.5715291500091553,-1.5113378763198853,14.632436752319334,-0.25491401553154003,-1.4945167303085327
449,2.899948596954346,-0.8374959230422973,-3.024479389190674,0.5432523488998413,-1.0270072221755981,-3.0660276412963867,3.5062613487243652,-1.070680022239685,-2.9011330604553223,7.123471260070801,-0.9791414737701415,-2.9295711517333984
450,0.9652876853942871,-0.680391252040863,-0.8454253077507019,1.873772740364075,-0.5962636470794677,-0.6659498810768127,0.5897773504257202,-1.2547384500503538,-0.7387901544570923,4.190434455871582,-0.8888727426528932,-0.8569086790084839
451,0.6597543954849243,-1.4089132547378544,-0.4928532540798187,1.101608991622925,-1.2132024765014648,-0.2789713144302368,4.179767608642578,-1.5157524347305305,-0.5254669189453124,15.96445083618164,-1.467407464981079,-0.49467402696609497
452,0.4716154932975769,1.9814332723617556,1.4218530654907227,0.8500788211822511,1.8015713691711432,1.756032943725586,0.43960148096084595,1.1953336000442505,0.9634501338005065,5.860349178314208,1.6079043149948116,1.9510809183120728
453,0.9489800930023194,-1.0728428363800049,-1.7401580810546875,0.33171415328979487,-1.0404418706893919,-2.563753604888916,0.3281090557575226,-0.6873113512992858,1.9775890111923218,0.8725398778915405,-1.6695030927658079,-2.4495761394500732
454,0.6257919669151306,0.6970800161361693,2.4525766372680664,0.5058165192604065,1.6702215671539313,2.6987595558166504,0.5428097248077393,1.0031651258468628,0.8773143887519838,1.7070699930191042,1.2257863283157344,2.1440563201904297
455,3.316721677780151,-1.4171005487442017,1.4756814241409302,0.2333381772041321,-2.0063230991363517,0.7553842067718505,0.5001645684242249,-1.1226316690444944,1.195381999015808,4.893798351287841,-1.5669169425964358,1.4296327829360962
456,0.6663553714752197,-1.6626054048538208,-3.1095242500305176,1.2996701002120972,-1.3607537746429441,-2.9003512859344482,0.7591416239738463,-0.9388286471366881,2.9486002922058105,2.927623748779297,-1.5642981529235838,-2.9447319507598877
457,1.3880292177200315,-2.2224197387695312,1.3740315437316895,2.374215602874756,-2.362228870391846,1.5176804065704346,2.227219581604004,-2.1304235458374023,1.7336114645004272,7.967140197753907,-2.1924564838409433,1.6137608289718628
458,1.1911801099777222,1.3825305700302128,-2.5947744846343994,1.612110257148743,0.9420903325080868,-2.5519866943359375,3.2814695835113525,1.31980037689209,-2.3938260078430176,6.753502368927002,1.3108179569244387,-2.494772434234619
459,0.5166941285133362,1.6471186876297,2.6146233081817627,0.3282940089702606,0.8577417135238646,-1.379317283630371,0.2261611521244049,1.01412034034729,-1.1480846405029297,0.7948506474494934,2.087279319763184,2.9820353984832764
460,1.4489537477493284,-0.2499810606241227,1.3624036312103271,1.4630682468414307,-0.3545743227005005,1.4738932847976685,1.2303889989852905,-0.38673913478851313,0.9309485554695129,5.085537433624268,-0.23925508558750155,1.1885433197021484
461,2.7028748989105225,-2.2893571853637713,0.41271620988845825,2.928910970687866,-2.4396319389343244,0.4503173232078552,1.8387546539306643,-2.3913531303405784,0.7235730290412903,11.87051773071289,-2.421225309371943,0.4490453004837036
462,0.246443971991539,-1.5298244953155518,-0.6286299824714662,0.4236618578433991,-1.6248812675476072,-1.3075284957885742,0.9395529031753539,-1.2164777517318723,-0.19274139404296875,2.8806583881378174,-1.7890094518661501,-0.7711725234985352
463,0.780818283557892,-0.4625044763088224,-1.301695704460144,0.9217311143875122,-0.47952619194984436,-1.431841254234314,2.5655879974365234,-0.815868079662323,-1.5767240524291992,9.146434783935547,-0.6029130220413209,-1.4094280004501343
464,1.4517111778259277,1.2106471061706545,0.387728065252304,1.4661931991577148,1.0494590997695923,0.45486608147621155,0.6217951774597167,1.358081221580506,-0.5517545342445374,4.026821613311768,1.3197131156921387,0.3195006549358368
465,1.5643626451492312,0.00902562774717813,1.122023582458496,1.4954771995544434,0.2074531614780426,1.0526049137115479,4.033280372619629,0.047712303698062924,0.8912461996078492,7.5208868980407715,0.11634107679128652,0.943227767944336
466,0.4122386574745178,-0.5182489156723022,1.2390271425247192,0.1800968050956726,-2.2845108509063725,-1.8982229232788086,0.5512567162513733,-1.0862441062927244,0.8720458149909973,1.426330804824829,-1.4280341863632204,0.45448577404022217
467,3.363287448883057,2.066555500030517,0.1316954493522644,6.082911014556886,2.0542657375335693,0.30351412296295166,1.8264119625091555,2.1327273845672607,0.11612999439239502,11.31865406036377,2.0717375278472905,0.22925399243831635
468,0.7884615063667296,1.297921419143677,0.14085938036441806,1.7144873142242432,1.4337306022644043,0.20772942900657654,10.5798978805542,1.2845698595047,0.22985225915908813,15.26553249359131,1.3457136154174807,0.21012242138385773
469,1.6724110841751096,-0.6931591629981997,1.408564805984497,2.966550588607788,-0.710609495639801,1.060369849205017,2.6029412746429443,-0.7877331376075744,1.2823469638824463,10.741617202758787,-0.7107165455818177,1.156190276145935
470,2.2374231815338135,1.4443178176879883,1.0485631227493286,0.2604910731315613,2.4009604454040563,0.8386870622634888,0.334974080324173,2.1749103069305393,1.0910146236419678,4.868185997009277,1.7444788217544556,0.8791630864143372
471,0.2562941610813141,1.6095420122146604,-0.524492084980011,1.198185920715332,0.956062853336334,-1.1687136888504028,0.338774710893631,1.645786166191101,-0.12849938869476318,3.7688982486724854,1.326785206794739,-0.6490738391876221
472,0.3497961461544037,-0.3857619762420655,-2.7839372158050537,0.680616021156311,-0.24318827688694003,-1.7532916069030762,0.9829570055007935,-0.466353178024292,-2.439579725265503,4.111709117889404,-0.4558596909046173,-2.5763933658599854
473,2.1717536449432373,-0.12675777077674866,-0.573107421398163,1.2143597602844238,-0.043475892394781106,-0.8645605444908142,1.3815720081329346,-0.40735611319541926,-0.9083963036537169,5.501607418060303,-0.15141674876213068,-0.6539455056190492
474,2.4780440330505367,0.7080602049827576,0.10486591607332232,2.3109703063964844,0.9319455027580261,0.10621368139982224,1.5211956501007082,0.6627418994903564,-0.27907100319862366,6.884025096893311,0.7606501579284667,0.04830343276262283
475,3.136137008666992,-0.9504958987236023,0.5467643141746521,0.4750821888446808,-0.8517169952392579,0.2672138214111328,6.079240322113037,-0.8108956813812257,0.615772306919098,10.333916664123535,-0.8968446254730222,0.5631319880485535
476,0.8876118063926697,-0.4253198206424712,2.6975936889648438,1.5297683477401733,-0.5173865556716919,2.5946524143218994,0.8179573416709901,-1.209839940071106,2.875579357147217,6.4450926780700675,-0.60970401763916,2.7289645671844482
477,0.8405756950378418,0.08516080677509308,-0.7667497992515564,2.9316749572753906,-0.22861756384372714,-0.8107304573059082,1.5782256126403809,-0.451648086309433,-0.47810825705528265,7.907188415527344,-0.18135179579257965,-0.7096338272094727
478,0.4579300880432129,1.3780428171157837,-1.694571852684021,0.6646407246589661,1.999396443367004,-1.2588527202606201,3.027913093566894,1.5452110767364502,-1.1947611570358276,4.28045129776001,1.673602223396302,-1.1803256273269653
479,4.538829803466797,1.6476877927780151,-0.14312389492988586,0.6346747875213623,1.7987622022628778,0.08626721054315567,3.4310688972473145,1.6103647947311401,-0.36176842451095576,11.77122688293457,1.6544498205184937,-0.25632768869400024
480,0.5716957449913025,-0.40306866168975825,2.8905527591705322,3.3106117248535156,-0.12370631098747253,-3.0728631019592285,1.4181113243103027,0.01824789494276047,-2.8108465671539307,6.70640230178833,-0.1174298003315925,-3.12809419631958
481,1.3895008563995361,0.2034070938825608,2.7082202434539795,0.9708338975906372,-0.34646049141883845,2.920020580291748,2.002835512161255,0.18623633682727814,2.5533993244171143,4.837615489959717,-0.010828007943928164,2.6586084365844727
482,0.8749464750289918,1.3529294729232788,-3.027949571609497,6.018633842468262,1.6020039319992068,-2.637779951095581,0.43679574131965637,1.8756085634231559,-2.765225887298584,7.591761589050293,1.606975674629211,-2.72135853767395
483,5.360986232757568,0.43664777278900146,1.1518157720565796,2.1294186115264893,0.34180614352226246,1.3068311214447021,3.875077962875366,0.3142329156398773,1.0609302520751953,12.171135902404785,0.39216354489326477,1.1749407052993774
484,0.2279048264026642,-1.62509799003601,-0.3040713965892792,0.5379977226257324,-0.9704968333244325,-0.38499280810356135,1.7883806228637695,-1.1534553766250613,-1.2263281345367432,3.302622556686402,-1.1918836832046507,-0.7782405018806458
485,2.1133968830108643,-0.9106375575065614,-1.0793346166610718,1.6440500020980835,-0.8086438775062561,-1.0913461446762085,1.330030083656311,-0.9333806633949279,-1.5148792266845703,4.942223072052002,-0.9457836151123047,-1.2104690074920654
486,1.399945855140686,2.1572566032409664,2.8978922367095947,0.8333297371864319,2.2897100448608425,-3.110748767852783,0.4935992956161499,1.5487561225891116,2.6505115032196045,3.077194929122925,2.185176849365235,2.743610143661499
487,2.09356689453125,-0.17814072966575625,0.912953794002533,3.9206011295318604,0.03179236501455302,0.9104897379875183,0.6692988872528075,0.3686505854129793,1.1302250623703003,6.8266520500183105,-0.008070838637650046,0.9019576311111451
488,1.4089850187301634,-0.1648834198713303,3.111721992492676,1.8979415893554688,-0.4603542387485504,3.130880117416382,4.962839126586914,-0.30213245749473566,-2.9748098850250244,10.237896919250488,-0.3671925067901611,-3.0725512504577637
489,1.9390549659729006,0.017077319324016564,-1.8858637809753418,0.5484322905540466,-0.29376369714736933,-1.9474595785140991,4.741087436676025,0.07406941801309587,-2.0613064765930176,10.175252914428711,0.0814756751060486,-1.9462827444076538
490,1.6011550426483154,1.534301519393921,-2.585192918777466,2.1669280529022217,1.301649928092956,-2.539836883544922,1.0817445516586304,1.1785106658935547,-3.0487060546875,4.913998126983643,1.3669817447662354,-2.7071969509124756
491,2.2788615226745605,1.0135836601257326,1.2339848279953003,1.1436960697174072,1.3643647432327273,1.370214581489563,4.765849590301514,1.0394089221954343,1.4322117567062378,9.699723243713379,1.0561465024948122,1.332195520401001
492,0.40162694454193115,-2.036186695098876,-0.7988317608833313,2.063734769821167,-1.8491990566253669,-1.2158318758010864,3.1493613719940186,-2.075648069381713,-0.8452948927879333,6.493371963500977,-1.9547357559204088,-0.9947744607925415
493,0.4938035011291504,-1.9219065904617316,-1.0102084875106812,0.5884434580802917,-2.3646302223205566,-1.4980030059814453,0.5655015707015991,-1.1947671175003054,-0.9184547662734985,1.4072595834732056,-2.353415489196779,-1.3059669733047485
494,1.7396591901779175,0.5912377834320068,1.0366098880767822,0.1734233796596527,-0.33426332473754883,1.2790554761886597,1.7166465520858765,0.1463281959295273,1.0361840724945068,5.630166530609131,0.2839858829975129,1.1583772897720337
495,0.5603992938995361,0.7350154519081117,-0.07891507446765898,1.4899992942810059,1.075201749801636,-1.1159321069717407,0.1819552481174469,1.1841092109680176,0.06187588348984718,2.170851945877075,1.1986857652664185,-0.5721172094345093
496,0.33430638909339905,-0.6481581330299376,-2.4522767066955566,0.7343941330909729,0.2756005823612213,-2.026770830154419,0.3024716377258301,-0.5514661073684691,-0.3905610740184784,1.6573971509933472,-0.06613539159297938,-2.305872917175293
497,1.0501551628112793,1.8445030450820918,0.5151495933532715,0.8449023962020874,1.0891647338867188,0.6106633543968201,0.6305639743804932,1.6206643581390383,1.3630414009094238,2.366495132446289,1.6946277618408194,0.6484440565109253
498,0.48341488838195806,0.8539466857910155,-0.4474799335002899,0.521673858165741,0.8993705511093142,-0.6007938385009766,0.7259750366210936,1.268286466598511,-1.619468331336975,3.2040255069732666,0.8631117939949037,-0.8797606825828551
499,0.9060935974121094,-0.5251263380050657,-2.2404682636260986,1.0631110668182373,-0.6277762651443481,-2.369727611541748,1.4339903593063354,-0.36754760146141063,-2.042689323425293,5.518216609954834,-0.5051046609878539,-2.4165098667144775
500,2.4121909141540527,1.2550609111785893,1.9433987140655518,0.6558817028999329,1.342613339424133,1.968645691871643,0.8905987739562989,0.8508141040802001,1.5418733358383179,5.488756656646729,1.0806453227996828,1.8202608823776245
501,0.4586611092090606,0.6288505792617799,2.4992144107818604,3.5472617149353027,0.2747670412063599,2.6431751251220703,0.5079835057258606,0.3697657585144043,2.307528495788574,5.071977615356445,0.22365234792232513,2.599482536315918
502,1.5311175584793093,-0.9715474843978877,2.014003038406372,2.910463571548462,-0.8354837894439697,1.9488730430603027,3.1867644786834717,-0.8920297622680663,1.9307068586349487,11.13674068450928,-0.8455846309661865,2.0399651527404785
503,0.3509290814399719,-2.460173845291137,2.688663959503174,0.6066248416900635,-2.0122299194335924,2.361598014831543,1.2509335279464722,-1.4404581785202024,3.0417191982269287,4.7415642738342285,-1.737379789352417,2.7661163806915283
504,1.4642288684844973,2.20308303833008,0.3278362452983856,0.8312563300132751,2.4570374488830544,0.3176106810569763,1.5303519964218142,1.7844071388244638,0.03601250424981117,5.291417121887207,2.211827278137209,0.2985748052597046
505,1.477267146110535,0.8587188124656673,2.1923415660858154,0.533259928226471,0.7679733037948608,2.8948965072631836,0.6025276780128479,0.7993357777595519,2.8390045166015625,2.3726096153259277,0.9507612586021422,2.364699602127075
506,1.0069648027420044,-1.440053820610046,0.4322697818279266,0.8971357345581055,-0.961201250553131,0.6805002093315125,0.44062870740890503,-1.4983972311019893,-0.5506208539009094,3.937906265258789,-1.2173076868057253,0.4529731273651123
507,1.0531970262527466,1.562683820724487,0.8222170472145081,0.760448157787323,1.1186108589172363,1.0807174444198608,0.40640848875045776,2.260552167892457,1.534069299697876,2.251695156097412,1.914585471153259,1.0891292095184326
508,1.311658501625061,0.6835765838623048,-2.3380115032196045,2.537778854370117,0.6871215701103209,-2.2999279499053955,1.1466240882873535,0.23643614351749417,-2.4536259174346924,11.712191581726074,0.6421842575073242,-2.3411805629730225
509,1.174168348312378,1.457270622253418,2.9248013496398926,0.5061593651771545,1.1568562984466553,-2.7090871334075928,0.49053388833999634,0.3098975718021393,-3.1148383617401123,3.297632455825806,1.0443129539489746,3.1036691665649414
510,0.6057672500610352,0.9612036347389221,-2.483640432357788,0.6989786624908447,2.1669514179229736,-1.917249321937561,0.43834513425827026,0.8552180528640748,-2.318394660949707,2.395251512527466,1.781976819038391,-2.236722230911255
511,0.3317270278930664,0.47297319769859303,-1.6600528955459595,1.5232565402984621,1.3920030593872068,-1.1751805543899536,1.943571448326111,1.427911400794983,-1.499709963798523,4.260170936584473,1.4466586112976074,-1.4207699298858643
512,1.1925643682479858,0.29083526134490956,2.2960562705993652,0.3821945786476135,-0.7236859202384948,-3.034065008163452,0.44247359037399286,-0.5471071600914003,2.74682879447937,2.8879020214080815,-0.18875648081302643,2.752788782119751
513,1.792228579521179,0.13915924727916712,1.8115105628967285,1.3238621950149536,0.49818399548530573,1.998866319656372,2.312509059906006,0.08842083811759953,2.018657684326172,5.756228923797607,0.20995372533798223,2.0096535682678223
514,0.24504239857196805,-0.9801568388938904,0.7204940319061279,1.5374460220336912,-1.5248963832855227,0.1051071733236313,1.2136019468307495,-1.740683913230896,-0.4093262851238251,3.1919016838073735,-1.6763529777526855,-0.17992733418941495
515,4.187082290649414,-2.3840806484222443,1.2513850927352905,0.5243851542472839,-2.3381333351135227,1.5863009691238403,3.0370068550109863,-2.2517373561859118,1.1870630979537964,11.481657981872559,-2.2668797969818106,1.2347184419631958
516,0.3363794684410095,-1.939462423324585,-2.1759581565856934,0.6408220529556274,-2.3228063583374023,2.606330156326294,0.2591506242752075,-2.048990249633789,0.7380266189575194,0.6636224985122681,-3.2592782974243266,1.9129209518432617
517,1.3027867078781128,0.16775685548782346,-2.8472461700439453,4.8547611236572275,0.2423574775457382,-2.8960366249084473,0.7628194093704225,0.14193451404571533,3.117645263671875,8.81578254699707,0.13571827113628387,-2.944443464279175
518,4.055248260498047,0.19735606014728554,1.55258309841156,2.085238218307495,0.2232661694288253,1.5899629592895508,1.746975898742676,0.4872957170009612,1.4263266324996948,8.369439125061035,0.24631804227828982,1.5030537843704224
519,15.556921005249023,1.0132995843887327,-1.5889177322387695,5.852875232696534,0.9659349918365475,-1.5613855123519897,2.344799518585205,0.9191933870315552,-1.6246724128723145,40.89372253417969,0.9764149785041808,-1.6034109592437744
520,0.6846693754196167,-0.42374551296234114,-0.018499962985515594,1.6050071716308594,-0.4453388154506682,-0.7489866614341736,1.8032292127609255,-0.6082180738449097,-0.6910643577575684,3.9236130714416504,-0.519719123840332,-0.5827090740203859
521,2.2445993423461914,-2.0689585208892822,-0.28613919019699097,1.4810962677001955,-2.30261492729187,-0.23874092102050778,2.638713836669922,-2.2923390865325923,-0.43044123053550715,11.913482666015627,-2.1753907203674316,-0.2563037574291229
522,1.3329263925552368,1.4597183465957637,3.0546162128448486,1.485435128211975,1.6949862241744995,-3.086986780166626,1.6955784559249878,2.0047914981842045,2.806175470352173,4.990458965301514,1.7905542850494383,3.0846521854400635
523,0.7432315945625306,0.5109702944755553,-0.20167025923728943,1.5143853425979614,0.22542658448219302,0.28890493512153625,1.0510903596878052,-0.0482226721942425,0.5146594643592833,5.247781753540039,0.08118502050638199,0.3116779029369355
524,0.4144547879695893,0.8560360074043273,-1.2794134616851807,1.559392333030701,0.6433402895927429,-1.655276894569397,2.023765802383423,0.3099456131458282,-1.5117647647857666,5.5261077880859375,0.37724414467811584,-1.4999101161956787
525,2.4521024227142334,-1.3732503652572632,0.6262212991714478,1.6940964460372925,-1.3232488632202146,0.21393361687660217,0.8631265759468079,-1.3415836095809934,0.732706606388092,11.103310585021973,-1.3521975278854366,0.4655916094779969
526,7.809776306152344,1.785972118377685,1.8718750476837158,4.500622749328613,1.8779400587081903,1.8329100608825684,4.585496425628662,1.863318085670472,1.7928903102874756,22.221630096435547,1.8560450077056885,1.8137608766555786
527,1.319183349609375,-0.9242432713508606,2.4374847412109375,1.1265244483947754,-1.3206509351730351,2.1527035236358643,2.8615720272064205,-0.9415590763092042,2.571099042892456,6.221663475036621,-1.1219825744628908,2.45056414604187
528,0.9483070373535155,1.6180026531219485,-0.742926836013794,0.5441570281982422,1.502068638801575,-0.6436166763305665,1.7419136762619016,1.9896801710128766,-1.2349677085876465,4.085071086883545,1.7304897308349605,-0.9532288908958435
529,0.8399693965911866,0.19637797772884366,1.7464431524276733,0.8265941143035889,-0.05907717347145081,2.2921369075775146,2.563880205154419,0.41557872295379644,2.1777195930480957,5.352465629577636,0.18851841986179352,2.1607625484466553
530,1.4743690490722656,1.0911735296249387,1.9286094903945923,4.125336647033691,1.2348400354385376,2.3762571811676025,0.6607643961906434,1.3182835578918453,1.987029790878296,7.866776943206788,1.2731311321258545,2.228710174560547
531,0.8238894939422607,0.027720199897885333,0.9719964861869812,0.4583707749843597,-0.5501729249954225,1.4691680669784546,1.311586380004883,-0.40025898814201344,0.6200424432754517,5.3278632164001465,-0.36180055141448986,0.727388322353363
532,0.5751950144767761,0.604104518890381,0.1887737512588501,2.389826536178589,0.37688922882080084,-0.4320426285266877,0.27984073758125305,-0.43844631314277643,-0.20886644721031192,4.071815013885498,0.23116348683834076,-0.3216103315353393
533,0.701932191848755,1.0729243755340574,-1.5868362188339233,1.1423817873001099,0.7705234885215759,-0.9760781526565552,1.2403364181518555,0.6589592695236206,-1.5644207000732422,5.072244644165039,0.8978050947189331,-1.5151079893112183
534,1.0166888236999512,-0.5825943946838379,0.8824588060379029,0.784491777420044,-0.7426589131355285,1.3951307535171509,1.3066725730895996,-0.3387697339057922,1.4489250183105469,4.707935810089111,-0.4850671589374541,1.4362623691558838
535,1.9749107360839844,-0.23425044119358052,1.2411000728607178,2.164491653442383,-0.20662078261375433,1.2512038946151733,0.4285588264465332,-0.6254276037216185,0.6497979760169983,7.78465986251831,-0.16691052913665774,1.2463093996047974
536,1.8155952692031858,0.4257639944553375,-2.664050579071045,4.254748821258545,0.4270390570163727,-2.5653631687164307,1.5180574655532837,0.8666772246360778,-2.639353036880493,9.195619583129883,0.5567041635513306,-2.6220803260803223
537,0.6501924991607666,1.143057703971863,-2.915611505508423,1.2307536602020264,1.387770056724548,-2.4549357891082764,0.6134284734725952,1.6096726655960074,2.9916598796844482,5.373608112335205,1.385630369186402,-2.6036384105682373
538,0.7813410758972169,-1.3682686090469365,-1.1672199964523315,1.2160375118255615,-1.6697728633880613,-0.7039317488670349,1.8367475271224976,-1.196494460105896,-0.5697196125984191,6.980371952056885,-1.344131350517273,-0.7557851672172546
539,2.0205562114715576,-0.7991187572479249,3.1225903034210205,1.4455115795135498,-0.9215215444564817,3.121323347091675,5.833473205566405,-0.8276615142822266,2.8553826808929443,10.321320533752443,-0.8730750679969788,2.93203067779541
540,0.3723936676979065,0.6449288129806517,-0.7684510946273804,2.3456389904022217,0.8948640823364258,0.17999669909477234,1.1612886190414429,1.0261652469635008,0.414075642824173,5.167454242706299,0.8670849800109864,0.20571012794971463
541,5.348170280456543,2.3194360733032227,-1.3023595809936523,0.7082123160362244,1.8635201454162595,-1.494965672492981,1.3137998580932617,2.406964302062988,-1.1752973794937134,9.996549606323242,2.3276183605194114,-1.3337996006011963
542,0.9733814597129823,1.048807501792908,-0.881682813167572,0.7885903716087341,1.8297989368438725,-0.7134065628051758,0.5657960772514343,1.4743894338607788,0.060861919075250626,2.2542994022369385,1.5159156322479252,-0.7103645205497742
543,3.2321887016296387,-1.5650665760040285,0.6000980734825134,0.29245680570602417,-1.8775061368942259,0.7195135951042175,1.5008791685104368,-1.802927613258363,0.6240972876548767,8.574560165405273,-1.5696322917938237,0.5238950252532959
544,1.861783146858215,1.124070405960083,3.1043739318847656,1.1441034078598022,1.7118750810623162,3.0534260272979736,1.0089457035064697,1.592847943305969,2.940309762954712,5.154300689697266,1.5258629322052006,2.9550392627716064
545,1.7646273374557497,0.005045728292316175,-0.5164551138877869,0.3169603645801544,0.35572159290313715,-1.1164344549179077,1.9504798650741577,0.002361343707889341,-0.6343377828598024,4.934503078460693,0.004561929497867835,-0.7649917602539062
546,0.5027998685836792,0.9745957255363464,-1.4237924814224243,1.1397684812545776,1.127357006072998,-1.5604993104934692,1.0538336038589478,0.9671718478202819,-2.3263046741485596,5.599666595458984,1.0289843082427979,-1.7419713735580444
547,0.6225326657295227,-2.230569839477539,-2.5977890491485596,0.8312481641769409,-2.0389823913574205,-3.077877998352051,4.0928874015808105,-1.7363321781158445,-2.7508387565612793,5.692061424255371,-1.9104534387588508,-2.806591510772705
548,0.2138673365116119,-1.3988763093948362,-0.6737647652626038,0.5836495161056519,-1.8065707683563228,-1.1634544134140015,2.2146973609924316,-1.0818612575531006,-1.2277854681015015,2.882001161575318,-1.3685015439987183,-1.121654748916626
549,2.0176353454589844,0.39324319362640375,2.7413887977600098,0.3161990642547607,0.4311844706535341,-2.7189602851867676,1.5458581447601318,0.1432967633008956,2.707477331161499,4.596864700317382,0.4347444474697113,2.838820695877075
550,2.1071746349334717,1.1568238735198972,-2.0449588298797607,1.3431177139282227,1.4032719135284428,-2.3692641258239746,6.254028320312499,1.1790250539779665,-2.2271652221679688,17.335227966308594,1.2165895700454712,-2.204791784286499
551,0.4527530968189239,-1.0626237392425537,-0.3547282814979553,4.072811603546143,-0.7012971639633178,-0.4241879880428315,1.1519540548324585,-0.9631325602531433,-0.5588210821151733,6.689162254333497,-0.8273546099662781,-0.5338655710220337
552,0.6867606043815613,-1.8410960435867323,2.932786464691162,1.5573447942733765,-1.7404952049255369,2.4653449058532715,5.040667533874512,-2.0525598526000977,2.7210397720336914,10.050941467285156,-1.9909211397171023,2.69946026802063
553,1.4367315769195557,-0.3622812926769257,1.0364724397659302,0.6536070704460145,-0.36228880286216725,1.0195568799972534,1.361833930015564,-1.0289219617843632,1.426470160484314,3.50096607208252,-0.7481359839439393,1.1561423540115356
554,0.7283964157104492,-1.8319519758224496,-2.908385753631592,0.49496194720268255,-0.9733051657676696,-3.0820224285125732,0.9866118431091309,-1.4254853725433345,-2.0535390377044678,2.4720585346221924,-1.7717734575271606,-2.6876778602600098
555,0.42918169498443604,-2.4371497631073007,-2.3775508403778076,0.8716428875923157,-1.6423805952072144,-1.1928868293762207,0.6229785680770874,-1.8266124725341797,-0.9143986105918884,2.037543535232544,-1.9236034154891974,-1.4055736064910889
556,1.763429880142212,1.458804488182068,2.025970935821533,0.5158407092094421,0.990317940711975,2.2125422954559326,1.0749175548553467,0.9101609587669373,2.1257920265197754,6.044555187225342,1.0818732976913452,2.0840699672698975
557,2.4592669010162354,1.3133966922760008,-0.8015249967575073,2.2904598712921147,1.2065536975860593,-1.0785503387451172,0.1867113709449768,1.1302529573440552,0.038081936538219445,5.199490070343018,1.340721845626831,-0.9353476166725159
558,1.4504679441452026,1.2999262809753414,1.994895100593567,2.4994497299194336,0.971371650695801,1.4704359769821167,1.9862843751907349,1.2657130956649782,1.8352437019348145,6.091809272766113,1.1643590927124021,1.7318018674850464
559,0.30119478702545166,-1.3446539640426638,-2.766200542449951,1.530052423477173,-0.8913356661796569,-1.8979569673538208,1.7527248859405515,-0.8434624075889589,-2.180361032485962,4.308116912841797,-1.0917277336120605,-2.0481929779052734
560,0.43082934617996216,0.8884649872779847,-2.3356311321258545,1.1589598655700684,0.5200756192207338,-1.7176988124847412,2.7891051769256587,0.9542119503021244,-1.757568120956421,8.338116645812988,0.8264847993850709,-1.763716220855713
561,1.5478456020355227,0.2839979827404023,-0.4860279560089111,1.2568182945251465,0.6192931532859802,-0.6278235912322999,0.2408266365528107,1.8389254808425892,0.030347302556037903,3.1323447227478027,0.6025736927986145,-0.45474284887313837
562,3.098090648651123,-2.0235455036163326,-3.0771234035491943,0.3972987234592437,-2.3495745658874507,3.0160465240478516,3.3631880283355717,-2.199800252914429,-2.9462392330169678,13.497791290283205,-2.1265976428985605,-2.9594314098358154
563,0.44957333803176885,0.7587442398071287,-0.9679326415061952,1.4102721214294434,1.0370192527770996,-0.21346257627010343,2.1159164905548096,0.8884404301643372,-0.26871785521507263,3.946757316589355,1.0062706470489504,-0.25085684657096863
564,0.9841105341911317,0.686852753162384,0.007830853573977947,1.5627168416976926,0.7485890984535216,0.16912950575351715,0.9852150082588196,1.3896356821060183,0.11594519764184952,3.5269992351531982,0.9911664724349973,0.043705496937036514
565,0.6576594114303588,-0.43655827641487127,-0.6464564204216003,0.26016363501548767,-0.9671826958656312,-1.2917430400848389,2.019331455230713,-0.10506844520568845,-0.37845009565353394,6.1089630126953125,-0.2616626024246216,-0.45819848775863653
566,0.43551331758499146,0.4730449616909029,-0.5337876677513123,1.9209353923797605,0.04568091407418248,0.12168163806200029,1.6360148191452024,-0.07041205465793614,-0.24698416888713837,7.019205570220946,-0.03713426738977436,-0.07370291650295258
567,0.5096302628517151,-1.1413828134536743,-1.5811387300491333,2.201756715774536,-1.1890913248062136,-2.374924659729004,0.3469330072402954,-1.7075222730636597,-1.8866139650344849,5.105464935302734,-1.413046479225159,-2.209454298019409
568,1.5242360830307007,0.1976558566093445,1.22409987449646,1.2823598384857178,0.5403426885604858,1.4431819915771484,3.6982357501983643,0.5285980105400084,1.2331199645996094,6.43036127090454,0.46006712317466736,1.2795321941375732
569,2.689864158630371,-0.5705649256706239,-3.1169588565826416,1.2447054386138916,-0.7454407215118407,-3.015136241912842,2.5217761993408203,-0.4281046390533447,2.9995853900909424,6.738953113555908,-0.5316076874732971,-3.1253609657287598
570,1.4843770265579226,-1.2916723489761353,-0.5877252817153931,0.5192016363143921,-1.6977136135101316,0.044545210897922516,2.360717535018921,-1.214037418365478,-0.22612683475017548,4.323877334594727,-1.3874807357788086,-0.3632163107395172
571,1.2095879316329956,1.1805288791656494,0.7788876295089722,0.2745656967163086,1.616057753562927,1.7997435331344604,0.4672456085681915,1.8144571781158447,1.3553217649459839,3.7827296257019043,1.5029944181442259,1.32551908493042
572,2.8457379341125493,0.08157696574926371,2.518249750137329,2.9067108631134033,0.03474196046590804,2.638760805130005,2.6577563285827637,0.2450765371322632,2.5069239139556885,9.265946388244629,0.1158303394913673,2.607326030731201
573,1.137768268585205,-1.2824746370315547,-0.041189685463905334,1.0133050680160522,-0.9767361283302307,-0.11926776170730591,0.7893499135971069,-0.7901713252067566,-0.6705660223960876,3.572548151016235,-1.290334105491638,-0.2864488661289215
574,0.18900741636753082,-1.9605606794357309,-2.095907211303711,0.7297016978263854,-2.2455310821533208,-1.363267421722412,4.018248558044434,-1.8235436677932737,-1.4784016609191895,6.7287683486938485,-1.9923933744430529,-1.4401121139526367
575,0.3288973271846771,1.8727470636367796,-1.7053347826004028,0.9592378139495848,2.074320316314698,-1.7722382545471191,3.915709733963013,2.1967008113861097,-1.681687355041504,6.400299072265625,2.2856688499450666,-1.6654961109161377
576,0.4603708386421203,-1.3580530881881712,1.6175025701522827,3.6970908641815186,-1.303936243057251,2.140199661254883,1.827234983444214,-1.5229884386062613,2.004657030105591,9.116506576538086,-1.3083095550537107,2.0537490844726562
577,3.853726863861084,0.6626415848731992,-0.39570364356040955,0.8641147017478944,0.6643226146697997,-0.09423117339611053,5.436535358428954,0.829780995845795,-0.44357106089591986,10.114142417907715,0.7632489204406739,-0.40184903144836426
578,2.091452121734619,0.8996589183807372,3.009538173675537,0.8635866641998292,1.1344844102859502,-2.9137861728668213,0.8576046228408813,1.278941035270691,-2.7019166946411133,5.619931221008301,1.035755634307861,3.093909502029419
579,0.6290208697319031,-0.4957887828350066,-0.23770011961460116,1.8681786060333254,-0.7897953987121581,0.13414672017097473,1.2826025485992434,-1.0463567972183223,0.20172524452209473,5.349658012390137,-0.7106660008430482,0.14487549662590027
580,0.7130801081657409,-1.806206107139588,-2.193305015563965,3.246112823486328,-1.5640441179275513,-2.2158775329589844,0.579455554485321,-1.9907704591751096,-2.429206132888794,7.299404621124268,-1.8135218620300297,-2.277195692062378
581,2.2835724353790283,-2.028665781021118,0.6671122312545776,0.8247500658035277,-2.027907133102417,0.6207468509674071,3.4814839363098145,-1.6625565290451054,0.6275676488876343,7.239400863647461,-1.8456641435623162,0.5925846695899963
582,6.157251358032227,2.126095056533814,-2.762049913406372,0.4141602218151093,1.9758276939392105,-2.63643217086792,1.0895156860351562,1.9289020299911503,-2.8527817726135254,8.3185396194458,2.0656425952911395,-2.736088275909424
583,2.3951525688171387,-1.906458973884582,1.534464955329895,2.7434282302856445,-1.760912179946901,1.6223422288894653,1.2366933822631836,-1.9519596099853516,1.8504687547683716,9.067691802978517,-1.7858152389526363,1.6806902885437012
584,0.516478955745697,1.3849211931228638,-1.5057134628295898,0.8159707784652709,1.0888614654541018,-0.3433091342449188,0.6957589983940125,0.36185926198959345,-0.7898528575897218,3.2751343250274654,0.8996564149856568,-0.8085796236991881
585,2.431535005569458,1.6044508218765263,3.066654920578003,1.4084328413009644,1.2272469997406006,2.9077391624450684,1.0039563179016113,1.7224545478820805,3.0940074920654297,4.784151554107666,1.5871368646621697,3.052083730697632
586,1.5387157201766968,-0.2686505615711213,-0.23308594524860382,1.0681875944137573,-0.049788512289524106,-0.37751927971839905,0.4927985668182373,-1.0421510934829712,-0.27975425124168396,2.9922349452972417,-0.41042953729629505,-0.2604856789112091
587,0.21144722402095797,1.6492542028427126,2.5641682147979736,0.6649023890495301,1.733982443809509,2.5289478302001953,3.352461814880371,1.3257782459259035,2.504927396774292,9.268746376037598,1.5387427806854244,2.4925622940063477
588,1.8153373003005981,-1.4999755620956428,-2.481348752975464,0.544971764087677,-1.7149990797042847,-2.71001935005188,2.6013407707214355,-1.5318422317504883,-2.102381944656372,6.8958587646484375,-1.5980587005615234,-2.391145944595337
589,1.0515614748001099,-0.1897124350070954,1.2385286092758179,0.7745674252510071,0.2641133368015288,0.931446373462677,2.9200980663299556,-0.07471145689487452,1.2920106649398804,4.6563544273376465,-0.07188862562179567,1.19985032081604
590,2.3963000774383545,-1.7855229377746573,2.4087090492248535,5.157950401306152,-1.6558598279952998,2.2461416721343994,1.847678780555725,-1.7332496643066395,2.5334391593933105,10.411333084106445,-1.7530964612960815,2.35050368309021
591,1.8583128452301023,0.02925107069313523,-0.38630023598670965,1.3099304437637331,0.013830921612679984,-0.6845235228538513,0.4915428459644317,0.3373490869998933,-1.2712355852127075,4.35085916519165,0.1919853687286377,-0.6571123600006104
592,0.42399927973747253,1.4648845195770266,2.0599524974823,0.35460013151168823,1.63841187953949,2.272677183151245,0.33181750774383545,2.0207288265228263,-1.8081318140029907,1.2987456321716309,1.784811496734619,2.059962034225464
593,0.921722650527954,-0.09039406478405006,-1.4909547567367554,0.7305536270141603,-0.008838068693876308,-1.3725215196609497,0.8502076268196106,-0.5509020686149598,-0.7676715850830078,3.7330222129821777,-0.4664705097675323,-1.1449490785598755
594,0.9828425049781798,-0.8541736602783202,-1.5334036350250244,1.3569175004959106,-1.598182320594787,-1.8043437004089355,1.0281492471694946,-0.9793037772178651,-1.8474575281143188,3.9405896663665776,-1.3674696683883667,-1.776960849761963
595,1.07817542552948,0.03098330833017824,1.128956913948059,0.2575696110725403,0.11249209940433502,2.511676788330078,0.7897818088531494,-0.4547406435012817,0.38627782464027405,1.93963885307312,-0.24995486438274392,0.8004295825958252
596,0.7439114451408386,-1.7715709209442136,1.299522042274475,3.2452549934387207,-1.2800379991531374,1.3813667297363281,1.7803771495819094,-1.2826051712036133,1.3322558403015137,8.394194602966309,-1.4291676282882695,1.2853729724884033
597,1.0187124013900757,-0.009325185790657988,2.007718324661255,0.9736955761909486,0.04309296607971191,1.7705246210098267,0.27923622727394104,0.06283733993768699,-2.9424538612365723,1.9253659248352053,0.14457800984382624,1.9384007453918457
598,2.1390581130981445,-1.8953191041946411,1.3464211225509644,1.3729254007339478,-1.525936007499695,0.9219430088996886,0.7707151770591736,-1.8533239364624023,1.5412719249725342,4.214321613311768,-1.7966374158859253,1.2559428215026855
599,0.9439120292663575,-0.9182945489883422,0.17108158767223358,1.133914828300476,-1.2729592323303225,0.252818614244461,3.277938842773438,-0.7855679988861081,-0.08614470809698105,7.140613555908203,-0.8891757726669313,0.07208624482154846
600,0.5694484114646912,0.3219170868396759,2.2840828895568848,0.43316152691841125,-0.4831428825855255,1.8407071828842163,3.938757658004761,-0.1375828832387924,2.233783483505249,5.120876312255859,-0.11002255231142054,2.261803388595581
601,0.5962266325950624,1.893410563468932,-2.8531925678253174,1.8319363594055176,1.6989076137542722,-3.0232839584350586,3.6655147075653076,1.4480242729187014,-2.846018075942993,8.163029670715332,1.5489412546157837,-2.972414970397949
602,1.4756805896759033,1.180787682533264,3.1229326725006104,0.9787648320198058,0.9108034372329712,-2.9931480884552,0.6325703859329224,1.1697448492050173,2.346769094467163,3.1113605499267583,1.2385390996932983,2.9036035537719727
603,0.7033823132514955,2.130866050720215,-1.2160001993179321,0.41343998908996576,1.227400302886963,-1.3573355674743652,1.6401839256286619,1.6785756349563594,-0.9268987774848937,5.500134468078613,1.8989441394805913,-1.1365684270858765
604,0.6185246706008911,0.5080001354217529,-1.333953857421875,1.768123745918274,0.45990878343582153,-1.5959062576293945,2.43579363822937,0.17242027819156644,-1.8201203346252441,6.666529178619384,0.4301714003086091,-1.6497364044189453
605,1.196668028831482,-0.0497516356408596,-2.268113374710083,0.8598230481147766,-0.17111036181449893,-2.7136788368225098,1.4439187049865723,0.32344716787338246,-2.576634645462036,4.243576526641846,0.1460956484079361,-2.645930290222168
606,0.647491455078125,0.6606255769729614,-2.0370678901672363,0.789381206035614,1.2346791028976443,-1.742541790008545,0.4708479046821594,0.658852756023407,-0.6784207820892333,3.262180328369141,0.795205056667328,-1.554376244544983
607,0.22136297821998593,-1.5699641704559333,-0.5552276968955995,4.18632698059082,-1.2106579542160032,-1.288367509841919,0.5983985066413879,-0.7421355247497559,-1.1787370443344116,6.268005847930908,-1.134030342102051,-1.2057735919952393
608,0.8659349083900453,-1.8759346008300786,2.374920129776001,0.7301358580589293,-1.9618220329284672,2.333474636077881,2.2763497829437256,-1.3932691812515259,2.4929914474487305,7.795431137084962,-1.6949789524078371,2.507096767425537
609,0.5351957082748413,0.35415324568748474,-1.289883017539978,4.097109794616699,0.120824858546257,-1.3569118976593018,0.2221696972846985,-0.9237314462661742,-1.0247327089309692,5.413134574890137,0.15165843069553378,-1.3137511014938354
610,0.6203755140304565,-1.0948127508163454,1.2452621459960938,0.7561257481575012,-0.7850589752197265,1.6836600303649902,1.6016085147857664,-1.4081759452819822,1.7975350618362427,3.704222440719605,-1.2362625598907473,1.4783631563186646
611,0.59847092628479,0.9391430616378785,-2.273683547973633,1.5723071098327637,1.1384001970291135,-2.208259105682373,2.5216269493103027,0.987182080745697,-1.8902473449707031,10.185821533203125,1.13740873336792,-2.0768837928771973
612,4.073136329650879,-0.48331335186958324,0.8236055970191956,0.8087683320045471,-0.09939425438642509,1.117247462272644,0.9393175244331361,-0.23478944599628448,0.7875169515609742,6.504204273223877,-0.3690883815288544,0.919759213924408
613,0.47588908672332764,-1.3352178335189817,-1.0900211334228516,0.6963077187538146,-0.4319518804550171,-0.6547104716300964,0.23054246604442594,0.31656464934349066,-2.4664902687072754,2.2194778919219966,-0.6192189455032351,-1.2034621238708496
614,1.4463183879852295,-0.7700019478797911,-2.957077980041504,2.133716583251953,-0.6318366527557373,-2.889763116836548,0.4192949235439301,-0.6564427614212036,-2.189723253250122,4.020143508911133,-0.7536643743515014,-2.9270293712615967
615,0.4511539041996003,0.15709148347377774,2.186953067779541,0.43211671710014343,0.4944442212581634,2.9300620555877686,4.293497562408447,0.16287690401077265,2.5362589359283447,6.052979946136475,0.21810030937194827,2.4494080543518066
616,1.1992017030715942,1.3330922126770022,2.1170289516448975,0.710209310054779,1.724612355232239,2.011348009109497,2.015580415725708,1.6092100143432617,1.8886418342590332,7.0384087562561035,1.4380651712417603,2.095644235610962
617,1.496907353401184,-0.5390256643295287,2.9446780681610107,0.521804928779602,-0.7819584608078001,2.967013359069824,0.32789313793182373,-0.08790816366672517,-2.389065742492676,2.876312017440796,-0.3494676053524018,-3.1291351318359375
618,1.2462364435195923,-0.05866583436727522,0.9340702891349792,1.5578303337097166,-0.009236380457878083,0.7938050627708435,1.1476064920425415,-0.1422630548477173,1.4916157722473145,3.764343023300171,-0.058724969625473085,1.0841350555419922
619,3.557818174362182,-2.053904056549073,-0.7036263942718505,1.101165771484375,-2.271073102951048,-0.6491736173629762,0.6242167949676514,-2.3978123664855984,-0.5263339877128601,10.273788452148438,-2.2632787227630615,-0.7071393728256226
620,1.2024539709091187,1.059838056564331,-0.5694231986999511,1.174124002456665,1.2646549940109257,-0.9454336762428283,0.3612161278724671,2.0609471797943124,0.10254776477813721,4.216617107391357,1.3191380500793453,-0.7387216091156006
621,1.16533362865448,-0.3911499381065369,2.7701659202575684,1.155907392501831,-0.13215501606464383,2.391326665878296,0.821977972984314,-0.08686702698469162,3.0968685150146484,4.44172477722168,-0.36586469411849987,2.852177143096924
622,0.9770644903182982,-1.6777284145355218,1.4918286800384521,0.7067211866378784,-1.775805950164795,2.00144624710083,3.0010628700256348,-1.5880079269409175,1.6058093309402466,9.63559341430664,-1.7492266893386845,1.7064857482910156
623,1.2776556015014648,-0.9561316967010496,1.4102545976638794,0.8030037879943848,-1.3505384922027588,0.790765106678009,0.5346156358718872,-0.6028822064399718,1.4282464981079102,3.2409033775329585,-0.9014216661453248,1.182491660118103
624,6.502662658691407,-0.40921419858932484,2.7098381519317627,3.062959909439087,-0.3207607269287109,2.643251419067383,2.943170070648194,-0.5374153852462769,2.6736955642700195,13.92439079284668,-0.4326986372470855,2.6545298099517822
625,2.36889910697937,0.668867766857147,-2.2301502227783203,1.0152242183685303,1.0495729446411133,-2.459918975830078,0.28826984763145447,0.008734456263482637,-1.7740851640701294,4.1863694190979,0.8231333494186401,-2.337031126022339
626,2.5630295276641846,0.07943794131278993,-1.7043246030807495,1.8552817106246948,0.02129914052784447,-1.8796539306640625,3.736586809158325,-0.025865791365504247,-1.8966082334518433,13.345369338989256,0.025906907394528375,-1.8140569925308228
627,0.9187008738517762,-0.8395624160766602,0.9962783455848694,1.4664636850357053,-1.5166176557540891,0.49014201760292053,1.483872890472412,-0.9606998562812804,0.8119175434112548,4.674770832061768,-1.2191480398178098,0.801237940788269
628,1.186299443244934,-2.013379573822021,0.37901082634925837,1.2292920351028442,-1.7928024530410762,0.3539975285530091,0.23575958609580994,-2.261861085891725,1.463547706604004,2.566635847091675,-1.9788597822189333,0.5066866874694824
629,0.7492671608924866,-0.09256865084171294,2.80364727973938,0.45687752962112427,0.3493815660476684,3.0434861183166504,0.6660307049751282,-1.1130443811416626,2.53857421875,3.4320611953735347,-0.43433961272239696,2.8195881843566895
630,1.9238070249557495,-1.9892939329147339,2.682864189147949,1.624956130981445,-2.1053464412689205,2.8532299995422363,0.411630243062973,-2.244659662246706,1.7494243383407593,5.967732906341554,-2.0951921939849867,2.737842321395874
631,3.5474243164062504,-0.40584895014762873,-0.013366817496716974,0.29442864656448364,-0.11303147673606868,0.354402095079422,4.5196533203125,-0.2472764700651169,-0.08631731569767,12.142600059509277,-0.27816933393478394,-0.07628535479307175
632,1.914707541465759,-0.21417626738548276,-1.8697541952133179,1.0150898694992065,-0.1007760167121887,-1.6022676229476929,0.9166613221168517,0.4790089428424836,-2.107726812362671,3.8495538234710693,0.02432388998568053,-1.8912441730499268
633,1.3343662023544312,-1.8035176992416393,2.556992292404175,0.913494110107422,-1.935670614242553,2.5555851459503174,1.8245022296905518,-2.1367013454437265,3.0941240787506104,6.13966941833496,-2.0573735237121595,2.8691458702087402
634,0.5722471475601196,1.9658447504043586,0.3234175741672516,7.594377517700196,1.873769283294677,0.05719975382089614,4.641533851623535,1.8389009237289429,-0.06106081977486611,13.182268142700194,1.8762295246124283,0.010407173074781896
635,0.6713920831680298,0.6975288987159729,-0.037036433815956116,0.6075004935264587,0.9173479080200199,-0.13469217717647552,5.473151683807373,0.8673161268234254,0.23868940770626068,7.8927550315856925,0.8106153011322021,0.14253966510295868
636,0.21470050513744354,-0.47740957140922535,-1.7133032083511353,1.1267353296279907,0.07659692317247391,-1.562840223312378,3.9497022628784175,0.17160406708717343,-1.484008550643921,6.607421398162842,0.13126963376998896,-1.4073460102081299
637,0.21555468440055847,0.1249312609434128,-0.6757098436355592,1.0552483797073364,0.17102211713790888,-2.317152738571167,1.2537275552749634,0.01315472740679975,-1.9932163953781128,4.536150932312012,0.23641422390937816,-1.9924383163452148
638,0.715862274169922,-2.0543017387390123,-0.08785607665777208,0.7195907831192017,-1.667557835578919,-0.4015012085437775,1.303631067276001,-2.208484649658205,-0.5339611768722534,6.600607872009277,-2.154287576675415,-0.5369196534156799
639,3.818082571029663,-0.4702238738536835,0.46098026633262634,0.876028299331665,-0.1669428348541259,0.5456607937812804,0.2778719663619995,-0.8763559460639953,0.21718671917915344,6.008046627044678,-0.34988707304000866,0.46830055117607117
640,2.4939844608306885,-1.5959916114807122,-2.3585028648376465,0.5391978025436401,-1.843466639518738,-2.489734411239624,1.9034376144409182,-1.9104884862899785,-2.876768112182617,5.188628673553467,-1.7544276714324945,-2.600471258163452
641,3.1148464679718018,0.04840417578816416,-2.3584794998168945,1.2621253728866575,0.13744579255580902,-2.781656265258789,0.2760135233402252,-0.36995801329612743,-2.9362688064575195,7.943612098693848,0.08123872429132467,-2.4586071968078613
642,0.7707374691963197,1.1812398433685298,0.44819268584251404,0.2545114755630493,1.4502702951431272,-0.26170113682746887,0.45731163024902344,0.5230317115783694,1.4869847297668457,2.1214301586151123,0.861227035522461,0.7638086080551147
643,6.706599235534668,-0.5030180811882019,-0.6142011284828186,4.295738697052002,-0.4840658009052277,-0.6191890835762025,11.77232837677002,-0.4490398764610291,-0.7053869366645813,34.20845031738281,-0.49080547690391524,-0.6653701066970825
644,2.0240607261657715,-0.8785345554351806,-1.656294345855713,0.4596143364906311,-0.22477675974369046,-1.9939031600952148,0.9884204864501952,-0.6091625690460205,-2.000929117202759,4.020725727081299,-0.774017632007599,-1.658232569694519
645,0.4576367139816284,0.8839618563652039,-3.0462424755096436,4.266815662384033,0.8360139131546018,-3.0600104331970215,2.4739320278167725,0.9803837537765504,3.0454607009887695,9.753273010253906,0.8625438809394836,-3.04537034034729
646,0.7870881557464598,2.2685556411743177,-1.122153878211975,0.5725072026252747,2.364339590072633,-0.798363208770752,2.98173189163208,2.3657617568969718,-0.7350367307662964,4.425162315368652,2.464109897613527,-0.7464075088500977
647,0.5735623240470886,1.1601328849792478,1.9784871339797974,0.7866720557212831,0.2918162941932678,2.736891746520996,0.5437346696853638,0.11846954375505445,2.8981525897979736,2.374809741973877,0.6812175512313843,2.8313076496124268
648,0.15898655354976654,-0.03365016356110563,-0.4022228121757507,0.566737949848175,0.18333803117275238,-1.5913147926330566,0.5666151642799377,1.2426896095275877,-0.4623661935329438,1.9208170175552368,0.6802898049354553,-1.3478753566741943
649,1.1419110298156738,-1.1333816051483154,-0.3622831106185913,0.8223055601119996,-1.6939790248870858,-0.05540221557021141,0.5832668542861938,-1.1154454946517944,-1.0012255907058716,2.5755052566528325,-1.3908168077468872,-0.5452513694763184
650,1.5916340351104736,-0.9351124167442323,-0.49903434514999395,0.7507165670394897,-1.792424082756042,-0.1947564333677292,1.7895087003707886,-1.3092856407165527,-0.4488968551158905,6.345078945159912,-1.2717907428741455,-0.39292946457862854
651,8.450023651123047,-0.38973829150199885,0.8453205227851867,4.717811584472656,-0.3358910679817201,0.8011969327926636,2.6235334873199463,-0.3463535904884339,0.593407928943634,20.050413131713867,-0.3677004277706146,0.7992945909500121
652,0.3691675066947937,0.0343518666923046,-1.0223098993301392,1.5361808538436887,-0.010165962390601715,0.1174309551715851,1.043615698814392,-0.5308603644371035,0.1103506237268448,3.49563455581665,-0.10502248257398601,0.060035903006792075
653,0.8837456107139587,1.4541015624999996,1.9508229494094849,0.5295854210853577,1.9808857440948486,-2.8173627853393555,0.3361899256706238,2.0598983764648424,1.6019164323806763,1.922097682952881,2.4297368526458727,1.8403712511062622
654,1.791831851005554,0.32845768332481384,0.5071049928665161,3.241304636001587,0.564978063106537,0.33456382155418396,0.26044169068336487,1.0181430578231812,0.6458626389503479,5.27719783782959,0.5289998650550842,0.43916910886764526
655,0.33108630776405334,-2.443940401077269,-0.8627761602401733,0.9743242859840393,-2.260685682296753,-1.5318552255630493,1.316058874130249,-1.7445981502532961,-1.1987627744674683,4.897873401641846,-2.2538042068481445,-1.320015788078308
656,0.42073675990104675,1.6643041372299205,2.3730409145355225,0.3672626912593841,0.8136342763900759,3.0566952228546143,1.0440245866775513,0.08714914321899406,2.3600447177886963,1.843832731246948,0.6799937486648558,2.491284132003784
657,5.532843112945557,-0.9514253139495851,1.1096272468566895,2.3314812183380127,-0.9350573420524599,0.9618656039237976,1.1914434432983398,-1.0581183433532717,0.9646964073181152,10.344986915588379,-1.0165584087371828,1.0198369026184082
658,0.5350005626678467,0.5571330785751343,2.6313014030456543,0.4966017305850982,0.8825340270996095,-3.0632357597351074,0.3328486979007721,0.5567879080772399,-2.280944347381592,2.0204598903656006,0.5079470276832581,2.671649217605591
659,5.159074306488037,-1.1961233615875244,-0.9666808247566224,5.331178665161133,-1.0680209398269653,-0.809367299079895,1.9948859214782715,-1.0826112031936646,-0.7965402603149415,18.010087966918945,-1.1455771923065186,-0.893129289150238
660,1.2471227645874023,0.8898456096649169,1.2147595882415771,1.5827641487121582,0.5229374766349791,0.9662348031997681,1.7915942668914797,0.43930861353874207,1.0532946586608887,5.555678367614747,0.609403431415558,1.179399013519287
661,1.6138365268707275,-0.25549849867820734,-2.137174606323242,0.8553016781806946,-0.02439651824533938,-2.224032402038574,2.5082061290740967,-0.5015982985496522,-1.8557085990905762,5.176637172698975,-0.36866614222526556,-2.0668792724609375
662,0.6185290217399597,-0.7639933228492737,0.3406217396259308,0.16324719786643982,-1.4615532159805293,1.3297803401947021,0.7966043353080751,-0.09231019020080557,0.019783798605203625,1.907439112663269,-0.31713348627090454,0.4806566536426545
663,4.635441303253173,-0.9093794226646427,-1.8116228580474854,9.693222999572754,-0.8944278359413146,-1.7804715633392334,2.886786937713623,-0.9174326062202453,-1.6174802780151367,18.85688018798828,-0.8884838223457335,-1.750333547592163
664,0.4180260896682739,-1.4646618366241453,2.227313995361328,0.45822119712829584,-0.7046426534652711,-2.843541383743286,1.1098802089691164,-1.5525579452514646,2.8419737815856934,1.9537858963012695,-1.482661008834839,3.0585522651672363
665,0.3948306143283844,0.31929025053977966,1.5209254026412964,1.0077009201049805,0.8785715103149415,2.1825098991394043,0.26244762539863586,0.9463465213775636,0.17217239737510684,2.8955979347229004,0.8859456181526182,1.904059648513794
666,1.0514814853668213,0.1868391185998916,-1.3411239385604858,1.8409820795059204,0.029644232243299543,-1.2582638263702393,1.4430547952651978,0.246624618768692,-0.8871178627014159,5.862175464630127,0.20898915827274325,-1.032404899597168
667,2.9066100120544434,-2.4180879592895463,3.1110098361968994,1.1629488468170166,-2.2316076755523673,2.7901508808135986,0.9831760525703431,-2.397305727005007,-2.796950340270996,5.85314702987671,-2.411829471588135,-3.091662645339966
668,0.7404263019561768,-1.6025415658950801,0.8498815894126893,1.7792458534240723,-1.5298850536346436,0.8733342289924622,3.0303373336791988,-1.3151570558547978,0.6288803815841675,8.325876235961914,-1.5334633588790898,0.780569851398468
669,0.8291768431663512,-1.1931788921356206,-3.0729568004608154,0.7069739699363708,-1.0542410612106325,3.0473110675811768,0.5600692629814148,-2.010897159576415,3.095792293548584,4.3059401512146,-1.2563489675521853,2.9331398010253906
670,0.4669035077095031,-1.3306021690368652,1.7305883169174194,1.5694333314895632,-1.3276979923248293,1.634443998336792,1.1097381114959717,-1.426728963851928,2.2818820476531982,3.095348834991455,-1.5218727588653567,1.9879932403564453
671,0.6551809310913085,0.5154121518135071,2.3761305809020996,1.0023056268692017,-0.2508264183998108,1.8235604763031006,1.4531614780426025,0.19935433566570274,2.0399160385131836,3.817972898483276,0.04134911671280863,1.905030608177185
672,2.981839895248413,-1.6238185167312615,1.625259280204773,2.4124593734741215,-1.5025590658187866,1.4554715156555176,0.7335835099220275,-1.8051974773406974,1.2751610279083252,8.666367530822754,-1.692222118377686,1.4642807245254517
673,2.7788989543914795,-0.4912653863430023,1.339932918548584,0.261290580034256,-0.22925816476345057,1.4968640804290771,3.5773978233337402,-0.461232841014862,1.1302133798599243,8.173341751098633,-0.527076005935669,1.284308671951294
674,2.561549663543701,-0.12608186900615695,1.8891624212265015,1.4846644401550293,-0.27174308896064764,1.7716342210769653,7.630695819854737,-0.05659009888768193,1.739486575126648,14.483308792114258,-0.11476963013410564,1.7399836778640747
675,0.8306945562362671,0.16108785569667822,0.6494784951210023,2.818916797637939,0.516256332397461,0.6810088753700256,1.2043018341064453,0.3523836135864258,1.0421005487442017,7.152400970458984,0.33502623438835133,0.6984642744064331
676,1.1016007661819458,0.5440572500228884,1.9698880910873413,1.3986502885818481,0.3166498243808746,2.1820228099823,0.27149730920791626,1.2633597850799558,2.3740224838256836,3.9596164226531987,0.4394591152667999,2.317455291748047
677,1.167423129081726,-0.10518204420804975,1.1340978145599365,0.3373088240623474,-0.7104516625404358,1.4319781064987183,3.356941223144531,0.0036415730137378637,1.390647530555725,7.5429368019103995,-0.14844787120819092,1.2686121463775635
678,1.3967061042785645,-1.8123530149459846,-0.24269023537635803,1.3467516899108884,-1.4360489845275883,-0.050018094480037696,2.1908814907073975,-1.728971719741821,-0.41450765728950495,5.142619609832764,-1.6914494037628172,-0.20563384890556333
679,0.6914198398590088,-1.0698223114013674,-1.1128653287887573,1.2225209474563599,-0.6221875548362731,-1.5457205772399902,3.276444673538208,-0.2806258499622346,-1.4549037218093872,5.612644672393799,-0.495324969291687,-1.4481521844863892
680,4.027781009674072,-1.1863175630569458,-2.6563518047332764,4.803008079528809,-1.0507645606994627,-2.5888195037841797,2.508575677871704,-1.1024547815322876,-2.7836225032806396,11.600107192993164,-1.1230218410491941,-2.6749329566955566
681,0.5469679236412048,-1.11371898651123,0.046054888516664505,1.3777127265930178,-0.7600051164627074,0.8619247674942018,0.7623858451843262,-1.0403401851654053,0.1323147863149643,3.1958038806915283,-1.190448641777039,0.471200555562973
682,2.974698543548584,1.2228926420211792,2.5754246711730957,0.5357043743133545,0.9774638414382936,2.2051608562469482,0.2872500717639923,1.717684984207153,3.068615198135376,4.090682506561279,1.378189563751221,2.6207387447357178
683,2.327331066131592,-1.5434092283248895,-1.0009969472885132,0.3442450761795044,-2.1208543777465825,-0.9659268260002136,0.5123754143714905,-1.5599709749221804,-0.4060732424259186,5.2446608543396,-1.6362907886505131,-0.720769464969635
684,1.2527318000793457,-1.3283101320266724,0.9418569207191467,0.860991895198822,-1.5394644737243655,0.45271047949790955,0.5295595526695251,-1.8290722370147703,1.6004971265792847,4.139615535736084,-1.4786536693572996,0.7790226936340332
685,2.652902126312256,0.7670404911041259,-2.8426146507263184,1.8873907327651978,0.8447996377944947,-2.9111905097961426,1.0355110168457031,0.49584850668907166,3.0849664211273193,6.242329120635985,0.8226215243339537,-2.8768060207366943
686,0.4338052868843079,-2.2732157707214355,-1.560646653175354,1.4768483638763428,-2.262120485305789,-1.8701003789901733,8.071236610412598,-2.385584831237794,-2.0687365531921387,10.959413528442383,-2.3932213783264165,-2.0091006755828857
687,0.42831346392631525,0.7575058937072754,2.871593475341797,0.5646018385887146,0.9244307279586792,2.440009355545044,1.160972595214844,0.784665584564209,1.9236449003219604,4.652310371398926,0.6879552006721497,2.0304019451141357
688,0.9717893600463867,0.6832420825958252,-0.45721203088760376,1.4673175811767578,0.984373152256012,-0.20048564672470093,0.36607205867767334,0.9919438362121583,0.6866553425788878,3.509192705154419,0.8144360184669494,-0.3213745057582855
689,0.7415885925292969,-2.126662254333495,1.7318074703216553,0.5364142656326294,-1.3863282203674319,2.482825994491577,0.5106264352798462,-1.4882441759109493,2.8375611305236816,1.9007692337036133,-2.194700002670287,2.062819480895996
690,0.6047050952911377,-2.0516061782836914,1.557589054107666,2.4368278980255123,-1.6970903873443601,1.7259650230407715,2.4479823112487793,-1.7451913356780997,2.0093719959259033,7.820613861083985,-1.6955797672271735,1.7977361679077148
691,2.3498528003692627,-1.5845257043838508,-0.12647803127765656,2.1986052989959717,-1.699519991874695,-0.4665067791938782,2.081679582595825,-1.6828397512435918,-0.12178606539964676,11.626891136169434,-1.6060612201690674,-0.2176022380590439
692,0.9016588926315307,1.3376955986022951,-0.16854996979236603,1.3483246564865112,1.1965725421905518,-0.12973381578922272,2.1042025089263916,1.245557188987732,0.4314400851726532,5.410790920257568,1.3439476490020754,0.20666588842868802
693,2.1741435527801514,1.905529975891114,1.5177873373031616,1.458238959312439,2.104279518127442,1.48795485496521,1.295975923538208,1.6139742136001587,1.6146684885025024,6.935333251953126,1.8015295267105105,1.5590629577636719
694,0.3890196084976196,-1.9105689525604233,-0.34361684322357183,0.5449559092521667,-1.0490238666534424,0.14098942279815674,1.2960517406463623,-1.1227500438690186,0.7002266645431519,3.974668502807617,-1.4272921085357664,0.47416320443153376
695,1.8233647346496584,0.7886763215065001,1.9413985013961792,0.39478266239166254,-0.256968080997467,1.4970548152923584,0.885697066783905,0.8025779128074645,1.829932689666748,4.4687652587890625,0.6940751671791077,1.7398838996887207
696,0.8045866489410402,0.2605810761451722,2.7301719188690186,0.4186471104621887,1.2142254114150999,2.2293691635131836,0.9685667753219603,0.8709516525268555,2.2456109523773193,1.9121668338775635,0.8800227046012878,2.4007489681243896
697,1.191307783126831,-0.061892785131931284,0.31649833917617803,0.8641139268875123,0.06558593362569815,-0.4971502423286438,0.5148186087608337,0.007651830092072524,0.6515448093414307,3.7715191841125493,-0.07750683277845381,-0.05608692392706871
698,1.3818068504333496,-0.6025821566581726,-0.6340135931968689,4.344634056091309,-0.6806655526161194,-0.3847255110740662,0.40497088432312006,-0.807056427001953,-0.9074702262878418,6.825299263000488,-0.6948926448822021,-0.40663719177246094
699,3.6111326217651363,0.6034144163131714,0.5613250136375427,4.73284387588501,0.6951846480369568,0.4861662983894348,2.2290761470794678,0.546183228492737,0.6219985485076904,12.441514015197754,0.6108285188674928,0.5817634463310242
700,0.5673595666885376,-0.9984575510025024,-2.765021800994873,0.252886563539505,-0.9146906733512878,-2.765497922897339,1.1293692588806152,-1.6040149927139278,2.918529987335205,1.974240779876709,-1.4904911518096928,-2.858302116394043
701,0.41757386922836304,-1.725586771965026,2.119110584259033,0.6066429018974304,-2.1023509502410893,2.458780288696289,0.6761834621429443,-1.0929652452468872,-2.9108309745788574,2.2068216800689697,-1.5869532823562622,2.810145378112793
702,0.9652203917503357,-1.0710537433624268,1.304018259048462,2.531968116760254,-1.20612370967865,1.1752463579177856,1.92727530002594,-1.2107168436050413,1.5156691074371338,6.117795467376709,-1.047512173652649,1.3920470476150513
703,0.5731579065322876,0.22677804529666895,-0.8178973197937012,0.5153694152832031,-0.2644156515598297,-0.24869278073310852,0.6316914558410645,-0.8508037328720094,-0.040588643401861184,3.1333117485046387,-0.4193705916404723,-0.6541462540626526
704,1.218577265739441,-1.4731998443603518,-0.705394983291626,4.96608304977417,-1.662702798843384,-1.06938636302948,2.020726203918457,-1.6139327287673952,-0.9016233086585999,8.419896125793457,-1.6653954982757582,-0.9864943623542786
705,0.3323284387588501,0.669064998626709,2.639688491821289,1.6631964445114136,0.9052221179008482,3.0467395782470703,2.4453413486480713,0.5853926539421083,2.888213634490967,5.8834228515625,0.6285336613655089,2.8508474826812744
706,0.34973037242889404,-1.6766018867492678,1.4520150423049927,0.9966886639595032,-1.656518101692199,1.5702738761901855,0.8601377606391908,-1.2366997003555298,2.1382784843444824,3.5731487274169917,-1.4619281291961672,2.055039882659912
707,0.33566051721572876,-0.5902993083000184,-3.094597339630127,1.6205782890319824,0.3507265448570252,-2.658389091491699,0.4454158544540405,-0.1786527931690216,-3.087740659713745,3.691946268081665,0.33143720030784607,-2.717686414718628
708,0.6581790447235107,1.1380661725997925,-0.1987824440002442,2.162020683288574,1.2733066082000728,0.7254342436790466,0.45013925433158875,1.7188618183135982,0.05874112248420715,2.9843602180480957,1.4583032131195068,0.4325657188892364
709,1.2471094131469727,-0.6243552565574647,-2.1003360748291016,1.1186603307724,-0.740220010280609,-1.9804015159606934,0.24172738194465637,0.5058478713035585,-1.0986504554748535,3.6781713962554927,-0.6827808618545533,-1.84807550907135
710,0.7880409359931946,-0.64898282289505,-2.9915683269500732,1.1172752380371094,-0.49244979023933416,2.840994119644165,0.2097557634115219,-0.29791226983070385,-1.0881813764572144,2.7838869094848633,-0.48446971178054815,-3.028331756591797
711,0.5044700503349304,-1.5038406848907464,0.5446799397468567,1.2659835815429688,-1.559283018112183,0.7156113386154175,0.4242315888404846,-1.2412855625152592,-1.069596529006958,2.5361664295196533,-1.5666760206222536,0.34653928875923157
712,1.1522873640060425,-1.2080152034759521,1.315442442893982,1.977577328681946,-1.3386011123657229,0.8388335108757019,0.2872271239757538,-0.6906371712684631,0.12155538797378541,5.153046131134033,-1.272340178489685,0.9436359405517578
713,0.2418397665023804,-0.8793603777885439,2.002796173095703,0.22483336925506592,0.4459026455879212,-1.3983540534973145,1.0957220792770386,-0.45551288127899164,0.8563922643661499,1.2506492137908936,-0.38475063443183893,1.1173423528671265
714,0.4602511525154114,-0.5156965255737306,1.1129158735275269,1.6233426332473757,-0.9743516445159912,1.9948315620422363,1.8048480749130247,-0.820061206817627,1.613054871559143,6.44034767150879,-0.8173866868019104,1.7209458351135254
715,0.971589744091034,-1.0226969718933105,-0.16331860423088074,1.1503560543060303,-0.8163921833038331,0.3407456874847412,0.5052264928817749,-1.5755218267440796,0.6083402037620546,4.234362602233887,-1.1019682884216313,0.39510396122932434
716,2.7010064125061035,-0.6786679029464723,-1.9167512655258179,1.1949712038040161,-0.8234813213348386,-1.8983863592147827,2.435133457183838,-0.45425772666931163,-1.7297682762145996,6.451844215393066,-0.6126468777656556,-1.8137612342834473
717,1.7511265277862549,2.35100030899048,2.1502199172973633,2.2483632564544678,2.264376878738401,2.1096394062042236,2.272372007369995,1.943625092506408,2.0581777095794678,7.461850643157959,2.2295868396759015,2.0471596717834473
718,0.5751994252204895,1.5008369684219356,-1.0943541526794434,1.1841135025024414,1.2490266561508179,-0.5622168779373169,2.440673351287842,1.471853017807007,-0.8446721434593202,7.123705863952637,1.31331992149353,-0.716630220413208
719,2.714672565460205,-0.9361576437950136,-0.23712101578712463,2.549206018447876,-1.1043378114700317,-0.08192603290081024,1.3769162893295288,-1.0876221656799316,-0.4557894170284271,7.13597822189331,-1.1023515462875366,-0.24991826713085175
720,5.405502796173096,-0.11742505431175224,1.1579627990722656,0.5948666334152222,0.14660501480102542,1.3474119901657104,1.6200424432754517,-0.29617276787757874,1.0017871856689453,8.147687911987305,-0.1648644208908081,1.1721715927124023
721,0.47271239757537836,-0.6206148266792298,-1.602564811706543,0.7488080263137817,-1.0012047290802002,-2.2103450298309326,0.8279532790184021,-1.4959198236465454,-2.3247790336608887,4.210821151733398,-0.9509871006011963,-2.198636054992676
722,0.4659667015075683,1.239950895309448,-2.366262912750244,1.0062493085861206,0.937057375907898,-2.17452073097229,4.1636857986450195,0.8306393623352051,-2.4428250789642334,6.7553300857543945,0.9716964960098267,-2.4179930686950684
723,1.3892011642456057,0.8675885796546936,-1.2480313777923584,0.32288217544555664,-0.006552289705723485,-0.8843300938606262,1.1826852560043335,0.8219212293624877,-1.5138311386108398,5.947460174560547,0.8815507888793944,-1.3269370794296265
724,1.9687124490737913,1.3461467027664182,0.0891978144645691,0.5534220337867737,1.8382976055145268,0.12039054930210112,3.591926336288452,1.5262022018432613,0.2705431282520294,7.6145501136779785,1.4765856266021729,0.12564627826213834
725,0.4159549176692963,1.001216530799866,-0.011001579463481903,0.5245817303657532,-0.08846645057201392,1.2362711429595947,0.30332791805267334,1.5072567462921145,0.031735632568597794,0.9536592960357666,1.470868587493897,0.6308459639549255
726,1.205378532409668,0.4492563605308533,2.205677032470703,0.935761272907257,0.1307865679264069,1.7088441848754883,3.2508084774017334,0.3412347435951233,1.8929215669631958,7.876264572143554,0.2666926681995392,2.0011277198791504
727,1.1747653484344482,-0.5416960716247559,1.4410467147827148,1.2769001722335815,-0.6264075040817262,1.8066694736480713,7.846217632293702,-0.6182934045791627,1.6489235162734985,10.772956848144531,-0.6448051929473877,1.6533719301223755
728,1.066960334777832,1.5132231712341315,-2.8912997245788574,0.2896009683609009,2.1930372714996325,-2.9311013221740723,0.8047109842300415,0.9726480841636655,-2.3278069496154785,3.772264719009399,1.2951614856719973,-2.7057206630706787
729,1.396446704864502,-0.8137580156326294,-0.5366345047950745,1.9425513744354248,-0.691210925579071,-0.17021232843399048,3.3717827796936035,-0.6129074692726134,-0.3088285028934479,6.661006927490234,-0.7170462012290955,-0.32216939330101013
730,2.965463638305664,-1.7300839424133307,-0.5033532381057739,1.4585028886795044,-1.717681765556335,-0.20722152292728427,0.601951539516449,-2.222953557968142,-0.8033369183540344,6.514414310455322,-1.7403203248977663,-0.4354807436466217
731,1.4396479129791262,2.1815361976623544,3.106032371520996,2.334235191345215,2.41399598121643,-2.9626545906066895,1.2589037418365479,2.0932662487030047,-2.7401235103607178,5.793559074401856,2.2442729473114,-2.905571699142456
732,0.6233006715774536,-0.8028154373168945,-2.5324201583862305,1.2394850254058838,-0.8334752321243286,-2.965951681137085,0.8923032879829407,-0.9817126393318177,2.6371912956237793,5.0636091232299805,-0.8940210938453675,3.104454517364502
733,1.5783072710037231,0.5280415415763855,-2.4217677116394043,1.2136393785476685,1.1539949178695679,-2.8800179958343506,0.9737604260444641,0.8991084098815917,-2.1435766220092773,4.135138511657715,0.9081926345825194,-2.5501980781555176
734,1.8431341648101804,0.2656961679458619,0.45668488740921026,2.1640536785125732,0.1659804284572602,0.2917570769786835,2.387120246887207,-0.08926133811473845,0.5062230229377747,7.755098342895508,0.03222692757844928,0.404086023569107
735,1.1266130208969116,-0.8895712494850161,1.3778027296066284,1.778491020202637,-0.9077243208885194,1.4978634119033813,5.729496479034424,-0.7866213321685791,1.2196263074874878,8.547666549682617,-0.8366319537162781,1.3042562007904053
736,0.960828185081482,2.0006237030029297,-1.8189207315444946,0.34010347723960876,1.873235106468201,-1.7323602437973022,1.1499145030975342,2.1056346893310542,-2.89973783493042,3.118748664855957,2.241882085800171,-2.2478156089782715
737,1.1265510320663452,0.9583914279937742,1.6664067506790161,1.89573872089386,0.7245107889175414,1.6555168628692627,2.607296943664551,0.6322565674781799,1.9621031284332275,9.01220703125,0.7386798858642578,1.881447672843933
738,1.2958916425704956,0.3672411143779754,0.14577172696590424,1.5122907161712646,0.34742113947868347,0.12074042856693268,0.7671445608139038,0.32062563300132757,-0.6880059838294984,5.786177635192872,0.4379190206527711,-0.10176943987607956
739,1.7158683538436887,0.7297196388244629,-1.8181651830673218,2.185018301010132,0.872573256492615,-1.7664694786071777,0.4593470096588135,1.4963178634643552,-1.9830305576324463,6.632502555847168,0.9964959621429442,-1.7288579940795898
740,0.17530903220176697,0.4570755362510681,2.3413593769073486,0.8156917095184327,0.054554998874664334,-2.0884039402008057,0.6169092059135437,0.5446021556854249,-1.9533400535583496,1.2896119356155396,0.06919100880622864,-2.1081879138946533
741,5.448486328125,0.035563226789236055,0.19428151845932007,3.6780581474304195,0.08357249945402148,0.21089403331279755,1.0956790447235107,-0.18759012222290036,0.011762847192585467,11.265005111694336,0.03327697142958638,0.14264558255672455
742,2.204843759536743,-0.348583698272705,-1.1795541048049927,0.23794583976268768,-0.09560548514127727,-0.6330855488777161,2.879892110824585,-0.5387009382247924,-1.1155176162719727,6.540317535400391,-0.5438654422760009,-1.139380931854248
743,2.3922507762908936,-1.8764735460281377,3.1067845821380615,3.593289136886597,-2.1198139190673824,-3.025467872619629,0.3479844629764557,-2.1800699234008785,-2.7890913486480713,7.758529186248778,-2.113173723220825,-3.1101737022399902
744,2.0100796222686768,2.1431918144226088,-1.8945708274841309,4.287563323974609,2.0970005989074685,-1.7847316265106201,6.4850029945373535,2.2144355773925772,-1.8028995990753174,12.858965873718263,2.165868282318117,-1.8207957744598389
745,0.31346407532691956,-1.7371287345886226,1.684436321258545,0.37791621685028076,-2.0105335712432857,1.0256459712982178,0.2378140538930893,0.6080439686775208,0.8922809958457947,0.8690624833106994,-1.6907532215118404,0.8947707414627075
746,1.434126377105713,0.002247596625238708,-0.8818060755729674,1.755242943763733,0.13121350109577176,-0.9233840703964233,0.9298956990242006,0.002166656078770795,-0.4521245062351226,7.8109283447265625,-0.07330144196748731,-0.8780317902565002
747,1.4814077615737915,-1.1023412942886355,-1.8788539171218872,0.39239048957824707,-1.9563380479812618,-2.0259974002838135,1.6880120038986208,-1.3189351558685305,-1.4376378059387207,3.91357159614563,-1.4685627222061162,-1.6449273824691772
748,0.7460144758224488,-1.4638534784317023,-2.806452512741089,1.386542201042175,-1.0831555128097536,-3.0172488689422607,1.1825468540191648,-0.978061139583588,2.737098217010498,5.955473899841309,-1.0803005695343015,3.08837890625
749,1.3314281702041626,0.6051568984985352,1.8839730024337769,0.7801326513290404,0.1689752191305161,1.114363431930542,1.4129068851470947,0.6909313797950744,1.7662770748138428,4.976255893707275,0.5446950197219849,1.5734748840332031
750,0.28931713104248047,-1.9032251834869378,-2.669490337371826,1.076504111289978,-1.8334882259368885,-1.9952690601348877,2.4397592544555664,-1.548185229301452,-1.9291232824325562,9.908463478088379,-1.6851711273193364,-2.055891990661621
751,1.655551552772522,0.5635411143302917,1.6485166549682617,2.2227981090545654,0.6073782444000244,1.5582926273345947,2.028057098388672,0.32233142852783203,1.6043063402175903,8.889093399047852,0.39690595865249645,1.6301240921020508
752,1.487917184829712,-2.149298429489136,-2.0696840286254883,0.47155418992042536,-1.616150379180908,-2.891676664352417,1.0474251508712769,-2.143391847610476,-1.9697482585906982,2.9656276702880855,-2.286105155944824,-2.1005406379699707
753,1.5637755393981931,-2.114840507507324,-1.4416438341140747,1.7570902109146118,-2.0513792037963863,-1.4009610414505005,3.0340270996093746,-2.1743223667144767,-1.1429821252822876,7.815248489379882,-2.0732014179229736,-1.3272017240524292
754,0.5102404952049255,-1.3913741111755376,-1.8441880941390991,0.6419531106948853,-1.4352211952209477,-0.8362352848052979,0.6220503449440002,-1.7690124511718754,-0.5654392242431642,3.2959463596343994,-1.612700939178467,-1.3220134973526
755,1.2518187761306763,-0.6270974874496461,1.98829185962677,2.0132265090942383,-0.47916465997695934,1.9123831987380981,1.140527367591858,-0.5749382376670839,1.3901666402816772,5.528079032897949,-0.48776936531066895,1.8829659223556519
756,0.45544189214706426,-2.173627853393553,1.2052656412124634,1.2051687240600586,-2.115279436111451,1.0021814107894897,0.49775388836860657,-1.1677429676055906,0.618365228176117,3.3255548477172847,-1.7850914001464846,1.0175801515579224
757,2.441848039627075,0.9504230618476865,-0.8160814046859742,2.363135576248169,0.934512436389923,-0.7927200794219971,4.202742576599121,0.9235110878944397,-1.050376534461975,14.605831146240234,0.9366522431373596,-0.8692123293876648
758,2.8113343715667725,-0.5411322712898253,-0.4154388904571533,2.472655773162842,-0.6239864826202393,-0.4834921061992645,0.30123069882392883,-1.0345828533172607,0.2364562600851059,6.423043727874756,-0.5614542365074158,-0.45895153284072876
759,1.6629847288131714,-0.10766912251710896,-1.967250943183899,2.877769947052002,-0.48774611949920654,-2.064008951187134,1.571079730987549,-0.1855640411376953,-1.9599488973617554,9.876509666442871,-0.3826808333396911,-1.9953296184539795
760,1.4049263000488281,2.1292998790740962,-0.8347603678703308,0.6785284280776978,1.768844366073608,-1.1486177444458008,3.7663242816925044,1.8704730272293082,-1.0137722492218018,11.736395835876465,1.9708380699157717,-1.0565162897109985
761,0.47778016328811646,-0.746928870677948,-2.4188811779022217,0.819130003452301,-0.771688401699066,-1.8242706060409546,1.9393366575241089,-1.297196865081787,-1.404421329498291,4.035419464111328,-1.1792267560958865,-1.6733851432800293
762,1.268835186958313,2.0832264423370375,-0.3273051679134369,1.4074566364288328,1.8924653530120854,-0.5436583757400513,0.7193887233734131,2.0120651721954346,0.011720993556082249,3.3994214534759526,2.187150478363036,-0.27916684746742243
763,1.854236841201782,0.28770330548286444,-2.871272563934326,0.2997439503669739,-0.13284680247306824,2.9305710792541504,6.1937408447265625,0.24484737217426292,-3.0752241611480713,8.338979721069336,0.2455115914344787,-3.0532140731811523
764,1.415070176124573,-0.6483923196792601,2.9444024562835693,1.2480353116989136,-0.5319156050682068,2.6900157928466797,3.619186162948609,-0.8446998596191405,2.6081058979034424,8.93039321899414,-0.812235713005066,2.679299831390381
765,4.596197605133057,-1.4805170297622685,-1.940883994102478,1.2629718780517578,-1.482347249984741,-1.772550344467163,0.5962527990341187,-1.4010653495788579,-2.289759397506714,11.567216873168945,-1.4015324115753176,-1.9062016010284424
766,0.8297727108001709,1.8206636905670168,-2.4568326473236084,1.8634330034255981,1.8964245319366448,-2.179570198059082,1.0671690702438354,1.3702431917190552,-2.0451059341430664,7.0584115982055655,1.7985571622848502,-2.3077359199523926
767,0.8257569074630737,1.0712089538574219,-0.8849968910217286,1.1654863357543945,0.9045426845550538,-1.3008261919021606,0.5036138296127319,-0.06128586083650581,-1.6010173559188843,3.1261906623840336,0.7488724589347839,-1.3476310968399048
768,0.44832319021224976,1.1351161003112789,0.0787467360496521,1.0403209924697876,1.5162475109100342,-0.10492198169231415,2.777416467666626,1.562917828559875,-0.14176511764526367,10.587782859802246,1.3806565999984741,-0.11846044659614563
769,0.2810361683368683,1.1990301609039309,3.0600926876068115,0.41069728136062617,0.37476253509521495,2.7629151344299316,3.0338404178619385,0.5436677932739259,-3.1290972232818604,3.7662041187286377,0.5590990185737611,-3.124782085418701
770,2.0405080318450928,0.3789963126182557,-2.8930721282958984,1.7647185325622556,0.5994016528129579,-2.449481248855591,0.7467220425605774,0.8747202157974242,-2.7073073387145996,6.36754035949707,0.4818727076053618,-2.6572046279907227
771,0.50409996509552,0.43424466252326965,2.1979012489318848,2.372014284133911,0.16384512186050418,2.870490550994873,0.40493836998939514,0.7478964924812318,2.5910165309906006,4.8487091064453125,0.20431262254714963,2.8647584915161133
772,1.2924569845199585,0.9951518177986145,2.566528797149658,1.3635462522506714,1.087402939796448,2.3785455226898193,3.478405714035034,0.873299837112427,2.2868034839630127,7.4410648345947275,1.0545694828033447,2.3712096214294434
773,1.8047471046447754,-2.033127784729003,-0.2922748029232025,0.8196699619293214,-2.2448709011077885,-0.1955248564481735,0.7125850319862366,-1.6049253940582275,-0.8214817643165588,5.296812057495117,-1.905174016952514,-0.3326229751110077
774,1.2730612754821777,-0.43291351199150085,1.1105331182479858,1.5158863067626953,-0.3050442039966583,0.8404372930526732,0.3767288327217102,0.6303508281707764,1.128536343574524,4.885366916656494,-0.2486987411975862,0.8560256958007812
775,2.883378028869629,-0.6229492425918578,1.4641917943954468,4.203900337219238,-0.5346108675003053,1.4056589603424072,0.3190765380859375,0.10741582512855533,1.2655624151229858,8.163040161132812,-0.5385830402374268,1.3818587064743042
776,1.70744526386261,-0.8835748434066772,-0.8713171482086182,0.934536576271057,-0.621350884437561,-0.9366526007652283,0.8244940042495729,-1.4854385852813723,-0.292187750339508,4.361720561981201,-1.0669746398925783,-0.7193731665611267
777,0.33709079027175903,-0.9420377612113954,-2.6513915061950684,0.19675524532794952,0.024864956736564654,1.9758191108703613,0.47794103622436523,-0.9783508181571962,-0.9934106469154359,0.9646424651145935,-1.7414650917053225,-1.8465319871902466
778,0.6749580502510071,1.4821805953979497,2.8211071491241455,0.419648140668869,1.4704481363296507,2.1368937492370605,1.5431468486785889,1.7471730709075934,2.8577451705932617,6.065268039703369,1.8041102886199956,2.881765604019165
779,0.22694143652915957,1.9184126853942882,-2.20534086227417,5.526271820068359,1.9419561624526984,-1.6638529300689697,2.795575380325318,2.0086553096771227,-1.6024246215820312,9.84073257446289,1.9820252656936654,-1.7035049200057983
780,1.947595477104187,0.034556731581688004,-0.7142904996871948,0.7887282371520996,-0.6390553116798402,-0.5706660151481628,1.9564497470855713,-0.30044209957122797,-0.6815689206123353,6.429891586303711,-0.31765726208686834,-0.6545790433883667
781,1.6902953386306763,-0.34330010414123535,1.0215988159179688,5.7051615715026855,-0.3615762293338776,0.9994252324104309,1.424599051475525,-0.13333269953727725,0.8457658886909484,13.57988452911377,-0.3040358126163483,0.9148586988449097
782,2.0594165325164795,2.0353744029998793,-0.14440499246120453,1.8771467208862305,1.9764184951782224,-0.09349291026592255,5.612227916717529,2.151356458663938,-0.3335493206977844,9.760149955749512,2.1171963214874268,-0.26364919543266296
783,0.967288076877594,-1.1426315307617185,-2.754142999649048,0.7637119889259338,-1.1781078577041626,2.981905460357666,0.18213440477848053,-0.6028001904487608,1.344128966331482,3.017979145050049,-1.0929017066955566,-2.935511350631714
784,0.2364591658115387,-0.6043267846107484,3.082270383834839,0.5543861985206604,-0.037617743015289265,1.8471287488937378,0.6590395569801331,-1.2177560329437256,1.8281571865081787,2.7956204414367676,-0.7392879128456116,1.7366338968276978
785,0.8361299633979797,-1.793175697326661,-1.6718193292617798,1.0227487087249756,-1.9630613327026376,-0.9911564588546752,0.34941729903221125,-1.8074636459350597,-1.8845324516296387,3.0235161781311035,-2.12043046951294,-1.1111738681793213
786,1.7378937005996702,0.8152718544006348,-2.238311767578125,2.19842529296875,0.7057484984397888,-1.9905318021774292,0.5886276364326477,1.3555474281311037,-2.1510517597198486,5.525705814361572,0.9667292833328245,-2.08087158203125
787,1.540281534194946,1.2993001937866213,0.2900582849979401,1.3985576629638672,1.2387230396270754,0.25773572921752935,0.45235610008239746,1.9802083969116202,0.8768211007118225,3.7833096981048584,1.4729162454605107,0.48268735408782965
788,3.1577434539794917,-1.214846849441528,-1.4426761865615845,0.6023281216621399,-1.4898971319198608,-1.7142356634140015,1.568118095397949,-1.5448462963104248,-1.2470327615737915,7.12883186340332,-1.29419481754303,-1.36311936378479
789,1.3190209865570068,-1.3760132789611814,-1.9779871702194214,1.8663424253463745,-1.2941292524337769,-1.4934468269348145,1.278662085533142,-1.6013053655624394,-1.4583561420440674,4.345846652984619,-1.4935986995697026,-1.6578168869018555
790,1.8801597356796267,1.5506924390792847,-2.081420421600342,0.2942536771297455,1.1071727275848389,-1.5224697589874268,1.4302672147750854,1.7201578617095945,-2.107811212539673,7.332259178161621,1.4922090768814087,-2.1326403617858887
791,0.29181045293807983,-2.374292135238646,0.6209632158279419,0.903948187828064,-1.8398215770721433,2.705848217010498,0.5594202280044556,-2.203324794769285,2.6109535694122314,2.5345311164855957,-2.0442297458648695,2.4675791263580322
792,1.8369681835174563,-1.4013180732727053,1.6676669120788574,0.6381819248199463,-1.2521412372589107,1.4926445484161377,0.9279617071151733,-1.8425985574722281,2.0948095321655273,4.527469158172607,-1.6603308916091921,1.8521738052368164
793,0.35093846917152405,1.8217346668243404,-0.7573777437210083,0.2643269896507263,1.4760264158248901,-1.2420250177383423,0.41922852396965027,1.881797432899475,2.182407855987549,1.0565308332443237,2.169582366943358,-0.5178722143173219
794,1.9440423250198364,0.713557481765747,2.2829720973968506,1.6774402856826782,0.9161164164543152,2.083472967147827,4.006616115570068,0.94334077835083,2.2341699600219727,12.468246459960938,0.8811432719230653,2.289853572845459
795,0.6454055309295654,0.5710928440093994,1.3064630031585693,0.25043827295303345,0.8107550144195558,0.8872509002685548,1.4707788228988647,-0.32878288626670843,1.4043604135513306,3.2267272472381587,0.16348521411418918,1.2027136087417603
796,1.64048171043396,2.3276846408844,2.437500238418579,0.5210118889808655,2.339505195617676,2.357943296432495,0.6158608794212341,1.9488004446029654,2.985675096511841,3.626559972763061,2.1225340366363525,2.5876872539520264
797,0.5565668940544128,2.074779987335205,-2.406764268875122,0.7022556662559509,1.7674947977066053,-2.8157496452331543,0.3157473802566529,0.6729789376258849,-2.1674089431762695,4.2178955078125,1.689054369926452,-2.5497593879699707
798,1.1668891906738281,-0.9438389539718627,1.8132312297821045,1.2294166088104248,-1.3494912385940554,1.7515747547149658,2.1689748764038086,-1.2371801137924192,2.0650670528411865,4.895951747894287,-1.1827266216278076,1.847647786140442
799,0.2902449369430542,1.0239253044128418,-2.6096479892730713,1.2344779968261719,1.283162832260132,-1.5441341400146484,1.847165822982788,1.5377557277679446,-1.9590466022491455,4.649127960205078,1.3490834236145024,-1.7932850122451782
800,1.338967680931091,2.0671598911285405,-0.464528352022171,3.2542777061462402,2.1924090385437016,-0.4754267632961273,0.2872205674648285,1.7158958911895745,-0.34372991323471064,6.301571369171143,2.2554488182067867,-0.4028810858726502
801,0.811560034751892,0.34855765104293823,0.8131231665611267,1.2720210552215576,0.08234440535306935,0.7752707600593567,0.3026703894138336,-0.7006590962409974,1.6747647523880005,5.05207633972168,0.14125230908393865,0.9963749647140503
802,1.3526512384414673,0.3095834851264953,2.280491352081299,1.3570972681045532,-0.19318266212940213,2.089245557785034,0.7317460775375367,-0.047402296215295854,1.5973783731460571,5.4221577644348145,0.1205075830221176,2.14277720451355
803,0.4646928608417511,-0.9123771786689759,-2.359025478363037,1.3559753894805908,-0.735319197177887,2.2061004638671875,0.5018185377120972,-0.5793176889419556,1.777331829071045,1.9246608018875122,-0.863025665283203,2.3007004261016846
804,6.788033962249756,1.74299395084381,-2.2281951904296875,4.902236461639405,1.6127569675445559,-2.375196695327759,1.7157095670700073,1.7255097627639773,-2.1863152980804443,14.439504623413084,1.7173205614089966,-2.285806179046631
805,0.702193558216095,1.1917401552200317,2.462782621383667,0.4161647260189056,0.8803133964538573,2.552056312561035,5.040143489837647,1.3194568157196045,2.1872570514678955,7.378787040710449,1.3521052598953247,2.2148287296295166
806,0.41020056605339056,-0.9000543951988217,3.033015727996826,0.9601010680198668,-0.6978039145469666,2.09791898727417,2.2395637035369873,-0.7543087005615237,2.416797161102295,3.42382550239563,-0.7760049700737002,2.4195315837860107
